50 60
127 244 239 42 166 234 108 81 240 54 116 55 169 32 75 50 101 193 87 93 150 38 163 17 145 163 165 154 104 11 56 13 25 149 149 103 115 254 41 235 108 142 117 173 155 175 69 105 27 97 195 172 243 196 229 6 35 225 228 197 
222 184 187 54 104 16 123 253 219 197 18 98 176 61 10 76 123 165 54 224 169 90 98 128 136 22 78 31 37 204 200 248 49 114 58 94 65 85 124 235 62 113 255 198 169 22 197 208 215 195 248 252 182 143 0 30 200 43 119 235 
46 167 91 199 223 236 97 146 127 172 210 46 180 192 13 158 5 161 237 143 131 24 243 254 93 63 55 103 27 103 198 27 71 214 88 71 144 201 118 216 8 83 189 236 159 102 20 31 193 233 62 16 11 150 118 113 181 58 164 196 
158 15 83 109 196 73 112 217 19 224 63 221 67 229 162 48 112 58 92 55 40 59 232 37 179 189 224 110 231 64 120 67 157 162 32 102 246 243 37 32 196 82 1 88 155 240 125 22 101 136 7 130 147 79 66 184 229 131 38 213 
113 194 156 218 159 7 160 175 87 128 69 179 142 99 33 72 195 163 140 63 30 25 99 86 152 36 234 172 120 190 24 162 186 205 176 195 216 15 38 19 41 199 245 175 205 135 148 40 112 193 81 130 168 252 207 23 229 163 65 53 
65 102 169 184 99 66 209 238 9 154 136 131 202 151 206 66 99 55 171 173 41 71 81 146 82 70 16 60 168 72 65 126 92 102 244 89 98 128 69 237 13 55 12 12 135 10 27 209 186 44 239 194 188 36 210 135 53 139 253 66 
182 36 201 227 25 109 233 215 196 149 120 110 145 231 182 112 76 88 41 252 187 193 65 56 60 75 203 2 188 34 51 102 252 92 226 144 142 13 112 51 28 43 238 220 242 32 34 12 247 86 89 135 204 169 182 52 169 131 11 214 
8 40 93 137 33 136 140 227 170 95 19 4 233 131 139 47 71 73 221 115 53 216 15 78 128 140 243 100 163 8 162 225 179 215 214 122 84 238 130 122 193 177 118 37 196 216 16 236 242 130 207 182 64 162 55 136 56 253 210 96 
44 5 104 200 55 169 201 205 182 138 242 66 137 126 32 164 174 202 83 118 75 45 192 167 1 15 198 63 254 153 174 136 194 225 19 20 58 29 14 158 185 50 210 170 201 213 130 125 194 125 108 213 137 169 103 150 207 236 124 5 
16 224 233 164 223 252 238 22 229 144 166 6 25 194 210 214 147 251 214 248 109 4 222 143 39 133 204 58 187 129 124 107 20 40 161 189 62 38 251 199 110 120 137 115 103 43 178 184 171 171 89 163 238 110 104 228 3 190 2 220 
222 52 59 86 129 100 249 227 3 5 250 43 210 237 206 238 231 37 230 195 138 19 97 67 64 222 177 163 8 142 155 241 7 203 15 47 198 28 255 203 187 61 246 67 158 133 160 27 212 119 83 211 156 179 140 170 85 246 71 172 
117 89 141 16 226 41 195 242 1 65 114 79 167 147 224 162 129 219 232 242 218 177 32 54 17 172 215 158 64 168 159 42 175 156 50 101 79 142 49 26 43 64 191 232 44 151 4 52 49 236 247 235 153 180 156 229 217 124 43 107 
240 188 252 238 101 47 140 36 86 113 106 71 36 49 73 82 238 27 201 151 43 95 49 145 48 188 151 177 166 193 97 162 57 231 126 68 4 239 87 201 122 149 51 125 125 78 205 88 75 218 121 46 38 107 206 232 231 108 202 184 
34 153 228 254 104 54 0 90 148 201 96 71 196 16 209 105 190 225 208 127 213 185 76 90 15 36 186 7 192 101 106 204 109 130 133 137 2 54 245 121 126 49 71 223 0 239 184 126 216 21 172 57 103 74 10 144 183 10 93 247 
143 33 246 180 15 94 24 145 97 248 247 43 254 205 182 245 189 175 207 92 137 7 118 0 152 240 132 50 216 190 227 131 98 236 242 77 159 117 167 17 162 44 119 165 158 60 250 229 202 218 193 107 128 231 218 116 63 145 32 5 
116 137 204 89 213 52 46 97 106 47 68 160 5 107 85 19 176 90 243 82 180 35 63 142 172 147 166 209 113 168 103 137 189 133 51 58 208 105 6 126 35 245 31 132 70 0 24 11 123 133 221 120 220 214 63 194 239 216 202 187 
109 81 155 137 77 53 82 123 141 225 212 125 189 87 138 25 77 18 57 137 247 228 164 226 128 93 120 194 197 19 105 67 192 7 196 26 115 179 221 32 86 164 0 207 52 111 159 87 77 254 58 199 202 13 8 118 201 15 208 182 
78 84 216 23 205 145 176 208 210 54 7 15 166 111 201 15 51 147 209 99 157 176 250 210 66 136 224 201 212 172 217 80 170 214 159 13 107 21 229 135 171 8 30 60 28 161 222 207 175 121 39 78 44 249 112 218 105 66 91 128 
0 90 33 64 10 110 215 219 79 97 229 8 112 67 47 41 90 159 96 226 175 25 150 57 21 78 9 70 47 121 121 107 133 60 179 194 148 38 13 84 100 246 25 232 116 110 135 43 32 116 190 159 134 60 236 192 106 93 128 20 
29 82 207 53 195 170 204 107 159 146 19 125 164 52 156 97 9 199 34 252 69 97 59 126 53 51 168 178 228 192 75 107 51 200 23 232 55 166 214 2 94 170 54 89 184 98 242 46 134 28 31 156 195 145 57 34 198 246 180 119 
13 43 167 33 178 175 231 38 202 226 175 158 35 26 69 162 140 59 223 173 222 183 226 1 205 12 15 38 202 237 210 115 167 245 247 161 7 102 41 36 205 43 246 136 30 86 58 227 252 233 174 58 76 41 164 244 188 134 126 162 
140 85 59 117 230 140 82 101 157 203 212 160 68 136 127 171 171 136 179 66 2 138 59 164 33 126 220 90 86 101 161 142 107 233 13 6 89 4 173 94 225 205 214 214 108 23 87 11 141 168 215 46 84 131 212 108 152 247 10 253 
109 26 161 12 51 1 241 249 52 93 140 187 186 253 39 68 194 247 252 129 185 60 206 90 107 14 62 201 116 1 69 199 127 163 119 133 158 171 38 182 199 88 254 140 35 242 246 28 8 64 109 252 146 51 26 209 91 15 12 83 
91 154 101 245 26 33 55 56 37 41 70 72 248 82 179 247 4 102 180 240 118 6 139 143 28 75 1 122 14 197 43 228 145 108 238 64 169 150 135 76 111 88 166 118 255 179 22 45 53 241 42 192 58 151 192 176 191 221 137 72 
207 109 192 100 245 206 86 185 201 69 233 154 246 174 221 180 48 250 71 113 6 70 147 207 165 238 133 178 182 130 238 49 63 67 200 138 158 236 147 106 73 216 134 218 149 83 168 172 69 174 240 72 45 35 137 34 123 30 58 254 
50 52 163 89 45 91 222 54 177 250 183 158 233 121 21 212 53 60 253 7 196 119 123 159 147 52 95 48 120 14 43 239 114 61 229 122 60 71 221 18 241 134 245 35 221 225 119 19 83 184 112 124 165 240 5 220 150 83 153 134 
168 73 201 111 176 185 249 115 26 38 87 247 102 221 210 23 81 196 206 44 146 236 65 140 3 19 92 231 30 160 33 69 178 165 94 3 177 131 156 38 31 18 167 187 125 50 98 22 16 36 236 104 146 103 136 25 252 57 38 179 
200 45 66 35 39 116 5 255 170 75 90 38 158 28 215 105 53 123 147 201 88 138 219 77 149 72 143 110 254 124 72 10 14 37 130 174 9 160 43 94 174 88 11 129 60 149 144 222 218 15 236 59 113 206 25 94 66 35 118 221 
82 78 35 234 83 49 10 61 253 6 207 36 98 131 151 167 175 239 215 178 74 130 91 98 55 111 166 158 252 51 185 223 88 218 56 228 58 134 104 167 155 105 161 98 63 105 36 250 125 227 203 87 112 174 190 153 242 120 15 213 
185 19 3 36 130 174 85 160 210 138 185 193 21 35 103 224 33 125 134 1 45 70 248 120 62 200 74 162 216 193 97 73 117 105 238 10 236 109 12 240 8 225 25 224 37 235 49 115 247 112 63 177 120 183 48 219 36 225 253 42 
114 251 208 122 150 15 134 212 9 58 130 254 86 246 20 102 244 17 4 225 75 237 16 187 228 33 153 149 161 117 72 37 253 119 136 149 50 6 84 253 30 11 9 136 65 47 241 248 170 202 107 101 45 41 86 218 146 26 220 27 
116 101 232 82 192 131 203 78 11 169 102 131 231 0 203 25 170 88 166 12 54 125 127 133 159 231 16 228 137 223 106 216 67 181 147 52 33 18 77 62 128 139 223 244 233 185 171 111 132 248 31 14 35 6 182 139 72 32 253 64 
121 118 79 133 72 167 192 24 240 98 126 13 82 156 118 190 255 94 223 56 77 169 135 132 2 250 64 245 20 92 190 51 81 25 125 251 149 96 190 204 244 248 80 20 159 108 203 55 67 151 241 248 116 204 76 55 16 79 66 29 
93 61 217 40 34 109 88 38 178 122 65 198 193 100 127 73 226 67 55 178 114 225 180 179 5 33 29 7 119 166 249 121 146 11 162 222 115 232 44 174 211 251 80 57 63 16 11 147 112 80 45 31 159 171 16 255 139 126 142 217 
130 159 99 171 104 190 123 211 84 168 118 78 190 93 46 59 123 84 184 105 61 194 39 243 236 228 232 227 152 146 122 164 42 130 245 30 70 183 205 212 244 214 216 126 109 69 223 47 225 100 60 62 131 74 121 223 129 221 207 206 
184 40 174 250 133 255 88 182 213 139 91 50 252 29 254 236 122 74 162 241 200 167 113 65 250 142 167 241 92 174 212 138 146 168 234 150 150 53 227 229 23 192 20 25 12 33 118 181 21 219 3 246 200 43 20 245 37 2 51 204 
92 199 123 219 225 117 149 27 95 197 232 227 134 75 177 203 42 37 39 249 131 186 61 58 181 66 209 230 173 6 50 71 203 12 8 50 199 164 39 47 12 112 98 161 81 52 49 111 216 78 97 80 129 49 108 12 106 185 235 203 
74 199 98 94 88 34 92 211 14 210 173 64 208 95 60 205 49 176 1 200 194 231 187 243 164 160 180 137 78 233 203 196 163 232 229 9 232 190 255 21 117 132 143 59 163 10 173 135 183 109 250 130 21 122 168 183 187 182 14 248 
160 211 47 88 102 100 58 185 174 239 153 246 77 73 112 141 202 118 244 164 64 99 110 236 162 19 7 129 208 204 74 176 163 222 254 255 153 216 62 222 165 111 208 39 198 77 55 137 214 94 101 137 178 3 65 201 255 21 172 208 
97 106 200 162 161 179 24 130 89 33 185 145 56 154 192 1 245 121 144 175 194 121 122 182 193 243 197 97 37 33 164 28 85 9 181 56 181 24 252 131 207 239 84 222 195 4 210 96 212 186 173 204 9 219 198 40 200 37 179 212 
240 212 67 38 152 74 80 36 145 26 86 107 129 174 229 117 68 143 213 90 205 210 114 104 93 215 225 208 84 211 212 72 71 158 186 103 33 148 55 35 0 220 166 218 105 162 158 221 161 198 149 176 139 229 158 88 168 109 114 164 
126 249 58 67 11 52 3 161 163 101 176 132 213 25 120 143 137 137 247 108 201 172 103 223 91 112 137 170 170 196 209 89 236 134 119 72 116 228 210 218 44 243 39 101 226 213 66 42 64 64 229 187 65 246 165 245 157 252 125 107 
100 108 50 187 200 96 47 78 46 192 53 3 223 52 44 177 88 224 122 15 56 125 173 78 241 248 245 139 142 66 65 212 20 45 14 19 205 84 27 104 92 188 130 86 35 80 4 125 70 132 86 131 57 228 213 142 36 212 240 189 
169 136 53 40 48 93 112 27 88 145 6 173 68 51 69 163 124 50 37 3 53 254 113 32 7 178 215 127 254 112 78 190 172 189 216 216 120 34 220 5 121 126 191 222 66 215 181 173 217 67 36 145 30 206 51 194 52 98 33 37 
114 70 10 168 22 244 206 249 2 206 24 217 192 60 28 83 157 192 173 74 61 78 168 38 32 237 170 34 86 198 104 96 175 142 29 226 38 97 237 65 184 83 161 170 147 40 21 171 2 49 90 126 220 38 247 34 173 179 81 225 
84 12 41 47 206 116 7 240 176 51 247 134 238 163 43 60 228 66 131 122 147 43 121 53 251 205 243 36 222 190 94 132 176 107 63 58 133 223 122 191 98 236 211 122 136 202 57 30 157 142 80 17 80 222 81 165 166 215 232 232 
129 62 51 38 21 105 100 244 144 121 166 212 33 86 245 1 208 92 72 90 171 4 102 45 57 79 55 56 233 24 200 120 198 27 238 26 247 146 247 130 224 225 70 69 188 216 50 39 10 183 181 83 18 2 118 106 193 34 34 114 
87 203 60 91 199 19 222 151 171 53 208 255 230 7 180 21 12 243 252 57 159 88 113 44 88 20 172 138 142 160 190 99 30 244 215 114 173 206 84 68 157 3 160 54 13 95 23 1 67 151 36 217 154 134 77 42 255 197 166 221 
184 68 188 89 132 201 126 7 221 150 233 108 179 100 54 124 250 57 62 86 55 236 179 67 238 97 92 143 147 51 195 187 184 63 211 233 72 68 211 111 164 195 146 125 10 49 59 190 10 127 120 31 142 253 233 4 254 101 53 206 
232 46 182 245 246 48 99 179 16 98 168 238 111 156 219 31 1 34 254 158 145 76 27 122 246 234 187 186 93 73 83 248 242 224 97 143 45 121 102 218 233 222 34 131 124 129 98 253 195 40 168 113 114 32 216 244 96 53 49 81 
