50 60
227 5 105 66 107 68 73 130 118 74 244 94 211 146 93 218 165 179 54 176 183 198 233 27 200 129 95 110 6 121 241 105 15 240 59 115 94 120 132 248 32 240 116 39 6 176 155 0 155 246 55 240 54 130 128 248 6 93 33 119 
94 13 114 109 15 49 115 227 5 252 117 64 29 79 149 213 25 15 149 26 24 253 209 202 31 190 13 216 55 89 18 85 207 110 82 203 19 183 226 197 222 67 112 90 221 234 98 132 156 232 168 247 18 137 102 166 13 57 187 180 
90 7 202 218 83 207 179 64 67 202 0 254 80 143 4 106 220 160 15 215 174 2 224 31 230 249 16 21 224 176 21 60 168 134 33 103 68 192 146 207 65 123 47 117 52 253 14 103 36 6 93 50 255 193 116 145 110 147 93 227 
26 162 115 72 231 145 107 217 176 140 107 66 0 3 96 192 37 178 61 141 219 170 172 86 242 5 85 189 213 215 129 160 240 151 59 106 38 19 137 194 46 166 54 236 22 134 193 70 58 63 146 2 80 6 180 25 80 212 185 13 
151 196 180 175 253 35 184 2 87 172 98 175 15 163 37 178 97 146 246 193 52 167 151 64 164 59 18 81 50 195 101 27 68 119 235 187 8 253 165 112 113 144 111 71 104 102 242 181 232 216 175 105 22 93 169 75 106 207 194 59 
158 134 63 24 71 63 212 71 65 163 39 41 204 70 204 184 196 195 120 240 124 208 39 163 236 98 19 194 192 227 35 251 250 165 5 4 173 204 54 52 179 135 140 164 49 100 69 194 155 88 119 243 195 9 107 167 163 28 47 196 
220 71 118 162 174 217 240 36 233 132 46 44 172 0 117 3 136 205 239 202 196 150 110 164 230 180 37 216 163 10 191 66 176 4 180 153 84 242 137 213 100 107 125 139 24 21 203 101 126 193 167 124 192 28 110 185 11 17 61 105 
221 162 66 95 156 134 191 119 4 128 134 70 44 164 119 130 114 255 170 45 194 190 78 111 152 221 252 229 232 255 16 109 203 165 112 71 227 115 230 84 140 125 85 85 48 151 237 30 10 154 35 18 101 36 144 183 145 46 115 150 
86 154 202 20 157 180 193 145 31 236 252 119 69 17 141 147 20 64 161 77 67 53 140 200 39 4 6 159 71 241 131 70 252 41 193 221 107 187 106 8 137 204 141 113 102 180 116 220 207 21 171 41 179 84 95 212 88 32 69 59 
137 130 164 166 156 190 171 181 53 69 30 245 13 249 187 146 19 53 153 76 69 163 5 20 122 2 170 124 216 8 59 235 200 43 208 186 52 119 103 164 101 93 177 50 90 110 238 59 84 117 63 113 54 124 243 149 126 76 5 236 
145 93 92 3 155 204 238 41 75 79 171 182 225 189 161 131 65 162 68 145 124 99 9 222 15 151 25 157 241 206 37 236 103 132 224 47 179 13 217 229 13 12 215 79 117 103 207 17 55 233 128 212 146 42 77 190 162 199 247 110 
209 192 39 85 6 191 29 169 238 118 95 177 21 155 51 106 179 126 160 51 239 60 2 57 215 188 115 170 229 198 78 223 119 188 98 77 14 107 122 202 77 58 128 198 194 218 148 45 14 192 139 17 195 124 94 224 19 142 92 255 
215 244 54 128 180 1 179 213 5 8 31 237 123 248 210 111 72 246 88 160 4 188 68 177 37 102 15 229 215 173 25 190 56 130 223 3 58 42 206 153 21 34 217 206 206 101 174 146 59 13 88 211 204 154 67 162 64 95 157 207 
47 16 237 88 104 83 39 212 208 250 176 219 208 81 178 153 223 161 202 159 32 51 142 173 70 207 3 39 106 184 197 165 191 41 255 78 65 7 211 149 231 24 25 75 133 34 156 164 137 0 81 140 212 243 36 80 36 65 75 26 
210 194 109 143 108 234 154 193 92 154 252 82 82 54 90 186 89 248 161 126 203 36 176 142 64 166 30 229 128 157 154 4 125 3 214 206 118 189 73 61 15 164 91 16 101 22 103 148 166 5 57 88 243 137 151 240 179 23 104 176 
232 24 89 2 132 103 198 113 58 33 54 207 151 134 28 190 252 41 11 184 240 136 207 214 48 217 20 56 104 26 118 34 125 94 7 4 143 178 99 73 55 112 29 94 154 174 176 6 103 175 59 65 230 102 141 160 8 154 16 211 
164 15 85 176 176 51 1 196 195 89 84 73 67 178 126 101 118 180 148 174 29 212 103 105 151 163 103 158 178 101 35 145 10 182 232 97 183 101 39 17 148 220 154 52 121 162 94 140 113 56 169 228 74 82 94 75 72 115 231 234 
226 190 55 233 32 76 148 169 12 56 102 244 23 239 214 240 179 136 92 84 187 13 1 34 37 55 87 95 166 104 84 143 182 255 115 240 94 38 20 161 108 148 246 116 83 67 6 163 125 145 200 39 144 161 146 43 251 171 40 100 
222 160 180 234 6 242 120 81 254 1 4 16 214 108 152 200 195 236 95 15 187 90 72 6 190 192 243 239 202 3 248 63 2 224 94 175 174 0 231 8 192 177 50 116 233 45 186 100 106 98 1 93 244 195 166 209 39 47 45 113 
233 179 90 162 183 36 42 113 156 141 193 232 28 125 9 255 127 243 21 153 116 126 12 57 68 36 30 140 132 214 194 160 143 43 116 201 236 109 39 118 113 148 117 6 243 24 137 79 131 198 155 57 34 98 70 16 155 204 186 213 
182 66 181 159 75 84 101 178 17 226 237 161 196 144 91 210 213 77 210 4 221 62 239 118 97 7 19 37 225 42 151 103 138 130 22 9 159 11 159 63 33 137 227 163 51 93 250 197 212 182 91 137 250 63 242 62 229 214 144 172 
103 170 6 126 39 107 131 103 143 122 85 21 93 175 179 85 216 34 72 217 220 248 92 6 118 216 237 85 247 180 240 44 99 93 118 169 83 58 51 109 132 167 105 24 90 199 42 118 210 175 26 237 87 50 5 106 21 137 172 103 
30 25 5 253 159 198 0 8 114 57 2 17 217 35 117 18 102 172 0 254 201 129 66 205 219 2 176 47 118 42 108 14 237 24 231 70 55 97 214 185 127 219 204 50 12 226 111 242 144 202 204 100 186 234 145 243 178 155 242 135 
121 151 225 214 20 69 38 98 38 14 200 252 249 241 76 214 189 251 243 230 168 100 8 10 188 213 225 87 193 114 106 46 136 51 18 155 221 113 200 44 115 177 217 170 167 116 147 215 28 15 43 203 123 50 20 19 241 131 200 130 
25 199 151 78 218 238 202 60 125 254 32 2 19 83 223 173 212 166 19 36 58 101 120 181 58 243 52 26 248 207 243 40 221 166 197 90 250 84 64 90 12 127 13 12 24 43 217 250 85 161 253 3 42 169 253 11 247 43 152 34 
103 18 207 233 106 85 204 13 248 34 229 153 156 211 234 55 94 109 57 95 140 91 68 39 116 15 164 116 85 189 199 3 136 30 169 161 7 75 213 80 74 106 230 118 61 110 69 98 228 41 18 147 198 108 162 35 210 137 177 134 
15 87 127 235 234 249 76 253 205 107 81 87 231 38 146 104 19 123 43 82 145 221 132 194 188 79 209 57 57 226 208 128 150 167 195 138 172 75 179 164 254 176 2 149 197 90 191 236 31 179 57 94 66 13 255 178 1 174 210 33 
8 1 90 83 227 75 79 14 156 125 247 140 185 44 252 246 75 2 207 198 191 187 49 121 9 186 217 126 83 35 1 152 188 49 108 109 71 105 170 151 19 10 202 150 196 72 10 186 69 116 39 255 118 46 111 189 72 207 171 100 
208 225 231 164 249 165 78 0 241 81 67 30 225 4 87 170 18 16 219 182 101 100 204 204 250 71 63 239 2 212 18 173 120 247 195 4 107 224 242 117 75 37 157 148 14 204 205 171 38 21 75 139 67 7 196 50 23 50 3 244 
190 61 219 243 155 212 5 233 94 228 127 196 220 122 177 200 149 196 223 222 89 151 89 226 235 19 209 236 196 109 141 32 78 9 16 215 53 121 81 114 240 208 149 27 75 107 189 14 247 211 181 195 41 18 127 111 60 103 219 163 
204 190 235 150 73 189 50 137 208 179 172 51 222 88 27 38 29 21 209 159 145 93 16 174 83 108 125 17 37 156 58 226 106 171 155 144 14 58 24 226 56 28 65 205 230 230 181 23 54 161 67 230 214 174 194 224 124 31 191 245 
177 90 157 254 200 51 147 26 195 164 135 132 177 73 142 147 244 183 167 31 16 61 44 11 102 89 125 43 221 76 106 7 204 200 67 29 214 8 248 219 246 104 196 34 206 130 121 169 95 172 163 51 105 64 145 191 110 250 103 148 
9 16 86 253 11 238 63 104 78 29 231 185 195 174 87 11 37 120 127 149 108 40 174 48 203 62 178 137 221 113 51 196 37 33 11 190 225 198 15 4 13 147 126 196 166 182 135 146 105 248 36 36 206 20 47 70 109 114 41 201 
108 140 126 26 137 211 208 129 187 75 207 119 100 8 231 138 192 168 168 46 218 102 201 254 134 59 195 162 68 144 104 239 76 236 220 235 2 173 117 71 191 153 7 61 168 65 110 74 97 242 102 40 111 45 202 57 74 151 62 177 
44 232 51 31 99 133 74 16 51 243 77 17 116 193 100 6 130 28 55 50 148 160 130 68 13 209 105 130 187 73 102 33 60 56 98 162 229 241 152 209 248 227 78 33 199 49 62 240 166 176 42 66 97 115 242 157 38 62 154 140 
98 63 181 187 72 247 118 157 236 65 140 107 199 144 61 55 226 133 64 139 109 163 252 53 29 8 70 122 107 82 112 83 25 157 213 79 71 224 150 218 216 19 106 196 218 110 162 72 50 190 19 200 200 112 219 13 142 226 79 75 
208 155 177 108 79 38 95 170 48 237 202 182 87 230 99 180 161 61 208 239 163 35 244 69 91 210 128 125 49 231 15 216 138 83 163 244 239 26 137 151 143 209 25 187 133 103 17 139 115 155 17 190 205 67 240 236 241 62 109 91 
185 134 42 128 30 245 166 137 43 202 73 56 44 221 204 248 121 193 158 124 44 52 132 90 67 117 194 231 30 237 169 223 35 205 16 34 25 21 219 231 176 15 117 181 189 185 75 49 243 136 242 62 220 114 4 35 156 24 252 144 
72 156 187 84 246 120 13 44 60 218 241 200 186 65 97 119 231 81 67 29 218 13 36 27 128 146 178 231 50 47 60 177 21 213 68 190 46 36 101 93 103 9 65 61 159 252 144 38 120 34 189 63 174 254 51 40 39 197 18 76 
139 114 89 93 128 243 222 186 4 47 158 59 221 135 76 250 195 104 136 171 200 173 31 123 48 206 254 49 105 138 216 215 235 44 43 20 105 215 212 17 45 9 69 181 3 161 105 55 109 151 67 15 107 86 158 15 245 128 45 203 
61 207 154 234 183 207 0 107 211 160 198 60 231 32 243 216 252 218 77 78 114 152 109 247 76 6 83 249 201 65 56 212 163 12 44 17 142 84 92 231 91 85 201 61 134 84 242 73 80 129 184 2 218 22 45 219 104 235 117 22 
10 115 189 33 39 170 115 48 212 21 70 25 119 134 255 0 136 254 122 216 214 23 53 8 76 11 218 188 141 226 105 168 141 234 24 182 221 190 202 138 214 148 31 40 40 16 103 99 141 98 13 64 209 199 156 222 205 219 35 30 
48 122 3 249 182 177 103 114 252 180 42 124 190 103 22 7 136 82 41 217 240 111 229 48 192 239 204 202 3 198 57 195 199 232 195 158 124 147 166 129 57 185 153 116 98 237 197 228 2 141 195 83 201 58 157 61 109 128 245 251 
115 71 38 151 175 135 36 26 49 22 155 8 98 14 245 53 1 96 110 167 111 54 200 186 207 134 14 94 155 128 119 200 0 46 193 202 146 163 120 184 167 4 117 145 74 108 196 51 207 176 9 51 163 80 16 215 17 202 21 72 
249 241 14 156 250 141 193 141 212 180 166 231 88 238 255 95 199 47 157 26 138 255 74 139 222 61 254 215 238 230 222 43 155 143 7 124 47 80 42 79 35 141 67 82 207 20 149 41 104 14 156 9 99 230 7 227 87 92 125 174 
96 43 199 247 193 30 170 44 4 195 84 173 163 36 43 92 42 235 140 43 54 237 217 72 214 143 187 108 104 22 224 150 157 79 198 79 23 52 84 232 250 107 183 38 233 186 63 152 78 58 247 61 157 102 138 14 183 53 164 89 
128 81 22 47 3 201 85 204 186 49 72 158 217 100 168 141 172 104 43 117 200 112 118 148 174 137 233 91 184 180 28 40 94 14 51 11 100 121 139 120 232 81 98 148 81 72 170 219 65 249 102 61 203 232 107 164 80 34 20 116 
138 8 62 19 20 220 169 77 115 244 136 87 143 223 59 33 38 65 59 52 48 167 102 35 43 75 243 120 175 17 99 59 147 140 126 2 203 129 37 101 40 103 38 41 15 78 2 109 228 150 70 229 141 96 37 245 226 35 51 180 
104 57 62 76 96 141 121 69 55 66 164 216 108 188 249 102 192 67 238 2 124 190 222 207 239 55 95 181 154 129 82 136 61 198 108 182 27 0 245 211 128 24 61 165 223 104 24 67 219 176 201 91 87 28 33 30 176 29 98 25 
61 195 28 198 181 198 78 171 3 27 33 94 11 98 24 137 107 136 224 20 254 131 235 187 111 215 86 132 61 206 99 38 50 23 244 29 74 82 139 125 88 65 99 125 238 138 47 52 230 49 174 138 8 36 108 197 203 148 204 177 
