50 60
45 163 9 166 203 54 184 118 152 130 23 207 95 66 52 88 206 80 95 23 215 103 50 139 243 88 217 24 45 32 144 252 48 219 186 129 123 201 33 127 8 197 182 55 149 195 42 66 244 116 98 164 17 158 130 113 169 165 68 76 
167 114 231 247 84 99 76 48 245 220 5 56 104 124 147 123 48 50 205 1 112 227 81 141 195 113 118 181 239 219 23 49 130 69 109 243 64 81 65 216 89 151 51 75 129 37 97 188 28 109 6 50 209 16 171 188 56 65 217 133 
208 199 135 103 239 120 105 150 91 24 168 56 145 115 199 71 241 242 44 36 42 145 104 241 31 186 84 79 107 206 78 54 28 61 190 182 186 181 71 36 255 57 147 157 200 9 44 126 243 35 197 179 202 109 132 34 220 55 42 115 
167 129 34 123 181 161 249 109 234 32 154 137 239 206 176 156 119 240 28 147 128 205 105 137 242 133 105 215 68 124 149 38 132 42 55 153 197 217 250 184 191 20 151 27 243 54 86 216 156 26 239 195 91 234 240 156 195 41 194 107 
108 29 193 73 20 69 178 13 134 93 14 231 115 37 54 179 171 69 190 161 192 140 255 204 5 202 230 172 26 226 43 230 26 181 223 96 92 168 155 24 48 134 129 87 172 178 10 65 37 60 120 179 115 124 197 173 2 174 77 60 
224 7 235 123 68 2 83 205 160 166 186 32 125 165 161 44 14 51 129 192 102 116 83 49 7 227 97 240 96 176 154 15 138 134 88 191 33 247 6 174 42 112 136 72 109 46 188 57 42 228 110 163 206 115 201 193 79 95 134 179 
177 238 246 21 40 139 10 4 238 199 79 181 55 187 29 251 21 83 232 44 123 130 254 126 77 111 73 224 190 240 224 55 14 107 207 181 171 156 231 96 215 144 0 211 132 81 130 183 219 24 115 137 8 141 26 12 190 34 203 200 
83 50 17 185 81 20 178 63 116 185 235 130 33 185 233 126 62 52 69 97 164 45 66 65 116 123 243 127 22 230 197 222 242 246 252 48 188 147 77 78 141 83 37 13 228 147 236 160 74 38 210 123 182 154 189 24 165 170 203 209 
139 42 48 114 160 203 88 218 90 189 76 20 224 95 76 106 142 141 253 133 40 244 244 92 47 199 255 160 222 196 147 204 5 86 29 172 77 237 249 172 153 228 131 226 66 232 233 112 154 104 126 240 215 226 194 89 247 135 151 31 
62 167 45 202 130 68 116 229 52 52 138 212 33 45 249 116 187 217 49 246 69 41 154 217 20 84 104 108 98 155 43 24 4 145 171 48 221 190 159 136 33 237 141 27 2 31 31 77 177 99 156 29 69 49 181 118 121 23 202 151 
247 96 12 90 30 241 218 247 20 99 197 12 226 137 104 185 193 241 247 7 115 92 133 61 65 232 118 233 123 14 155 57 157 85 21 165 177 131 129 110 136 60 104 182 146 201 146 252 142 188 124 0 35 152 179 152 116 37 182 216 
105 6 62 192 140 134 128 85 166 4 71 76 123 149 50 241 59 119 143 10 90 25 120 47 253 50 207 93 101 215 245 84 122 112 142 51 226 36 188 72 144 152 192 17 218 245 5 164 240 75 239 21 216 33 216 229 7 248 20 78 
35 8 174 28 94 170 236 92 6 199 59 29 19 145 254 106 51 22 22 189 55 138 145 195 108 221 9 55 129 5 5 104 38 140 35 218 214 62 137 175 100 135 220 40 198 49 94 209 68 181 255 35 198 83 190 237 201 142 241 139 
43 55 86 254 17 37 177 95 228 130 16 234 46 198 92 84 249 233 194 194 49 91 119 3 148 5 42 211 212 116 39 248 228 161 186 215 131 43 247 18 116 16 211 223 120 32 82 241 177 26 55 245 139 91 212 86 144 60 25 101 
40 219 155 174 78 239 196 248 126 106 74 251 172 219 10 148 84 70 27 139 223 226 101 125 141 157 253 203 47 173 56 27 33 96 45 83 118 114 103 191 1 86 81 138 113 119 83 93 168 170 54 165 138 198 140 121 197 91 22 164 
7 130 35 47 97 164 230 32 80 213 60 169 126 83 140 192 236 142 39 186 165 167 31 241 195 126 81 215 26 116 74 255 208 182 23 13 246 202 129 29 37 129 131 214 110 102 74 16 11 78 55 36 140 100 238 154 12 66 231 207 
108 145 248 221 35 57 240 117 128 176 42 72 112 36 233 82 3 164 143 210 175 36 69 140 216 127 154 94 179 179 31 18 205 124 185 249 171 14 85 175 122 21 205 218 108 193 9 143 227 79 204 107 33 107 175 111 50 235 174 45 
103 233 142 177 148 57 242 149 108 36 59 95 116 133 75 239 215 254 249 115 227 42 167 176 199 216 243 52 67 165 210 93 49 168 196 34 74 35 5 96 88 198 19 147 152 118 158 189 158 62 121 167 236 190 167 128 209 80 139 155 
180 71 72 80 67 144 238 13 152 60 189 53 61 90 184 248 231 17 115 111 27 231 184 53 95 152 183 111 208 214 142 139 23 122 171 221 31 218 151 63 24 184 63 200 195 102 102 79 93 232 255 77 51 139 5 238 23 93 248 210 
8 239 100 33 233 40 201 186 67 255 17 234 28 94 10 43 199 198 90 139 36 183 246 15 34 151 219 235 136 34 55 191 59 156 49 229 81 228 152 133 160 228 27 239 77 28 175 148 234 137 76 156 248 124 130 112 226 31 93 188 
7 103 211 8 207 225 134 180 121 29 9 112 166 72 214 110 202 141 168 11 107 177 26 245 45 172 22 119 188 229 59 226 4 10 41 242 133 219 105 141 217 150 187 87 32 231 66 31 118 123 89 67 77 27 23 206 54 166 72 85 
112 167 39 249 52 244 200 118 5 46 181 163 133 46 0 143 89 173 10 3 152 3 109 16 130 29 152 42 154 150 48 11 99 187 87 214 29 81 99 95 176 182 44 67 131 170 171 201 198 43 167 130 4 142 100 172 76 150 106 243 
177 90 14 186 193 77 3 72 82 242 139 71 80 10 218 219 246 84 22 124 107 160 144 255 113 173 56 35 228 179 112 84 180 22 200 31 91 133 236 70 77 80 136 253 18 202 151 13 240 249 87 15 44 19 192 140 13 102 228 174 
41 85 135 212 137 30 2 62 61 6 133 226 12 41 1 161 140 131 193 151 124 103 155 240 143 41 201 143 237 45 234 139 51 227 188 41 34 237 196 74 60 223 234 67 117 91 198 63 119 108 110 107 147 204 75 173 62 17 171 81 
1 189 48 65 159 195 184 100 248 4 153 238 71 186 114 221 141 239 251 66 131 149 51 245 28 225 68 132 218 136 136 91 225 59 122 79 201 235 195 219 193 134 174 48 105 199 78 34 222 223 166 227 32 82 63 212 8 197 124 146 
77 36 169 116 165 254 61 160 218 70 61 211 190 40 183 249 160 73 86 28 146 21 90 17 223 219 97 125 121 103 107 32 201 58 177 117 75 234 20 227 221 164 161 142 229 39 58 128 79 174 72 189 200 42 229 140 101 254 229 225 
162 161 237 206 56 99 222 75 119 121 243 193 80 25 62 96 66 160 203 27 115 52 104 254 192 233 38 59 142 123 18 58 48 83 118 200 238 53 106 45 182 88 117 177 164 83 115 219 220 12 162 27 204 41 27 15 165 56 190 95 
151 99 47 51 252 195 10 109 119 52 218 104 105 251 117 174 233 247 9 55 51 231 18 115 230 206 113 159 235 243 187 145 26 1 22 122 208 150 231 195 172 195 192 100 207 201 121 18 170 59 217 187 255 73 38 202 229 18 45 190 
158 25 188 239 32 207 254 112 72 174 214 32 18 188 164 2 77 134 22 120 216 27 210 121 75 252 217 50 229 26 33 133 191 203 82 220 32 237 241 154 27 154 201 247 250 214 32 162 133 236 4 76 66 53 191 225 173 250 58 58 
220 50 242 2 2 64 214 193 8 136 209 76 55 221 88 20 26 219 4 155 150 95 66 241 30 118 1 156 53 176 59 207 52 44 27 119 244 253 71 65 166 132 40 65 242 67 240 14 209 223 33 170 205 24 68 68 208 211 38 32 
0 116 189 53 137 135 150 92 8 68 137 114 78 56 224 77 209 76 102 29 217 251 76 101 212 109 187 10 91 207 250 94 133 101 92 232 132 91 55 22 187 179 40 106 80 183 150 19 101 85 157 168 247 65 26 217 23 69 242 93 
109 51 146 243 63 22 27 251 109 126 102 150 48 0 73 200 152 173 180 37 162 89 207 203 40 95 223 199 160 145 84 180 118 10 182 19 224 233 208 103 185 74 162 134 119 205 96 237 120 102 35 8 14 86 254 46 185 199 18 184 
213 171 131 118 144 187 20 25 100 249 155 184 59 72 241 124 149 77 1 50 54 185 210 153 64 51 224 127 100 37 204 250 175 181 129 181 155 198 110 70 148 135 155 32 29 152 204 104 57 43 241 8 9 227 156 37 18 252 19 172 
23 151 121 240 19 39 159 52 182 36 33 23 166 123 131 33 9 243 190 54 70 221 226 159 255 103 170 73 170 155 84 88 198 252 219 206 232 100 149 242 176 165 90 185 152 23 25 108 138 165 72 243 65 197 26 69 145 200 41 29 
205 42 186 82 1 174 235 131 199 243 252 216 88 245 126 9 117 143 223 87 73 178 204 131 100 184 241 148 171 166 117 161 177 251 187 220 192 66 247 35 165 33 254 18 47 126 141 226 64 164 183 76 238 158 118 220 48 167 184 77 
217 166 148 188 50 42 138 187 69 21 17 139 102 179 120 209 142 234 249 142 10 77 143 132 3 92 122 49 130 173 163 60 187 18 192 103 114 119 160 105 235 252 194 251 135 132 196 187 140 164 10 222 129 166 220 65 83 30 107 176 
242 102 31 7 176 95 150 149 37 114 192 169 90 43 61 169 107 62 230 130 142 63 179 204 52 113 88 66 241 75 90 38 2 53 46 121 205 5 167 153 196 92 234 109 4 73 38 103 95 5 69 148 191 218 118 194 89 196 45 118 
107 189 20 210 79 56 223 184 69 237 128 206 230 191 141 78 224 19 112 205 17 109 109 93 59 87 200 54 40 39 145 48 93 55 230 187 90 106 139 182 75 234 172 66 174 244 206 86 232 53 252 8 227 75 138 17 224 226 170 158 
19 177 56 254 120 89 209 129 106 21 209 114 148 167 93 221 77 1 99 150 199 185 120 196 202 253 228 26 107 51 73 70 99 22 196 255 51 231 6 247 7 102 62 206 75 69 139 248 115 8 44 1 91 139 147 207 16 77 19 203 
118 36 140 30 116 0 141 109 194 31 136 207 205 56 62 120 238 180 84 151 246 157 185 192 151 19 121 49 220 161 45 246 65 254 31 253 115 88 8 77 200 213 226 254 221 83 144 61 78 223 81 57 109 28 144 109 126 225 183 201 
138 51 176 30 223 45 131 25 47 128 168 110 230 85 225 193 239 201 67 98 214 53 232 55 116 74 142 225 51 132 114 215 87 31 254 94 171 87 50 118 199 98 216 137 3 170 230 124 131 128 164 250 112 101 233 12 182 174 90 64 
47 229 180 32 23 42 105 109 66 12 199 106 11 124 215 133 142 188 117 40 58 161 40 28 227 188 21 52 112 190 89 38 101 91 165 213 20 73 126 154 221 64 58 84 152 254 37 83 240 105 120 205 247 86 45 4 169 43 111 20 
122 173 221 111 71 202 232 40 169 221 172 27 197 36 187 151 203 235 236 99 56 252 73 250 5 1 47 136 104 58 222 106 174 44 113 66 12 200 167 82 18 162 127 215 96 109 99 126 129 250 9 59 18 70 40 23 107 28 97 117 
202 160 243 171 246 247 203 109 138 43 90 21 141 136 135 231 213 9 228 48 173 43 252 247 217 57 238 150 232 214 187 37 36 15 63 55 163 62 187 221 19 37 191 221 81 157 12 48 217 174 204 202 51 133 73 121 204 161 14 201 
85 207 123 139 75 210 141 69 184 235 138 91 115 105 66 181 144 116 9 70 145 47 190 45 1 33 229 123 141 15 227 8 184 238 54 168 16 138 208 241 5 110 195 197 251 186 142 222 167 89 17 248 54 155 209 133 97 197 181 72 
35 152 74 72 88 37 173 46 144 30 52 101 26 157 28 41 58 123 229 84 89 223 230 186 181 173 100 55 138 237 72 123 214 236 88 207 191 55 80 186 219 21 128 84 104 187 74 163 247 105 3 28 55 247 65 183 131 115 149 154 
231 102 195 209 100 81 115 213 169 247 208 160 37 182 143 24 228 204 36 48 57 70 140 0 225 163 40 132 101 125 99 121 251 185 44 15 129 126 83 47 224 107 212 98 151 42 222 31 126 146 164 255 126 35 44 235 117 81 58 18 
0 252 66 125 132 190 20 87 141 248 40 135 53 203 231 176 85 168 26 209 41 74 115 128 115 119 225 175 199 222 219 111 134 155 165 221 63 90 169 226 13 27 27 253 231 213 67 202 231 43 197 61 229 46 101 121 196 2 149 210 
15 141 66 79 161 136 17 190 127 228 95 187 24 168 215 223 42 158 18 86 255 135 146 219 85 123 43 25 213 145 75 57 220 223 122 171 46 217 165 34 133 91 142 108 41 159 46 46 110 169 161 88 227 133 207 161 128 111 89 183 
69 239 138 45 246 216 2 88 230 171 224 112 33 115 161 90 153 170 192 69 158 61 23 48 98 177 150 176 214 69 60 156 106 231 90 27 200 229 133 180 53 109 36 13 226 155 119 23 167 79 135 89 150 191 161 76 247 175 30 78 
