50 60
200 254 106 173 186 98 175 198 231 187 79 176 181 179 235 208 203 128 16 229 27 154 150 13 224 151 11 80 68 136 201 188 237 206 0 159 187 31 63 159 225 4 35 23 173 104 202 101 169 87 79 71 46 50 185 168 172 235 76 247 
83 70 61 223 180 210 186 43 172 17 166 148 186 202 163 5 107 92 234 212 54 63 3 77 243 164 190 38 75 141 88 157 37 147 77 18 92 27 166 39 131 241 156 172 184 35 193 87 72 190 14 242 41 85 211 188 159 252 60 32 
26 140 6 73 56 83 247 226 70 154 117 65 216 33 26 154 142 66 19 110 226 172 91 73 13 53 160 201 159 162 203 8 176 161 219 106 254 152 66 255 116 175 221 194 126 216 132 136 165 74 123 139 177 140 126 112 176 186 230 151 
201 108 190 43 193 131 23 248 97 84 232 113 112 209 218 163 182 172 148 113 30 162 28 21 107 27 97 41 78 79 35 191 110 55 250 201 240 99 53 147 124 190 240 148 202 146 202 20 170 178 87 16 114 102 108 185 55 135 163 153 
221 118 44 246 60 184 95 56 190 124 12 126 20 112 171 189 152 125 7 140 57 84 140 95 155 116 198 115 237 235 253 217 170 190 25 188 249 93 212 19 26 184 82 168 185 19 241 118 120 53 247 49 36 21 24 12 0 151 96 80 
114 183 88 151 60 81 219 129 133 180 45 237 211 102 183 55 38 204 235 218 123 200 246 1 117 157 117 199 88 57 3 210 251 36 30 219 126 138 178 88 21 80 118 123 100 217 93 20 25 94 123 171 229 166 213 131 18 69 147 201 
126 124 227 172 238 172 123 165 248 168 122 168 238 141 104 157 138 90 238 43 137 164 227 201 228 15 60 176 22 238 34 251 230 116 133 99 229 220 106 143 112 2 35 30 83 106 11 15 77 152 231 90 151 227 134 35 208 7 226 124 
22 9 179 180 122 102 61 140 146 223 105 69 195 203 46 83 220 91 127 236 83 233 199 233 178 167 254 246 184 41 27 65 104 2 239 200 30 42 215 35 85 114 28 103 115 36 90 91 88 73 222 35 101 242 121 34 225 232 118 241 
246 196 100 30 128 238 15 53 185 154 222 53 49 206 67 17 128 191 250 150 149 249 190 243 187 201 254 184 75 82 149 24 237 144 58 27 227 85 30 153 104 82 183 108 203 60 174 105 12 46 87 63 44 125 150 209 81 243 118 83 
154 177 119 184 59 6 88 45 46 212 15 45 52 54 219 24 50 84 116 112 43 30 233 171 212 115 58 208 220 180 133 198 143 231 6 206 94 85 183 158 164 145 11 26 255 29 2 75 89 200 47 76 142 125 175 105 84 241 114 239 
122 21 11 227 12 148 152 219 94 200 219 199 189 104 37 4 28 71 212 65 212 187 67 26 208 213 50 179 55 239 226 169 112 173 127 183 75 174 153 178 5 202 87 183 187 70 51 174 180 58 185 119 129 66 245 67 203 254 87 233 
174 55 47 11 139 198 151 243 13 136 62 47 215 241 235 118 71 211 138 220 234 103 53 130 119 171 244 177 209 51 5 79 18 41 150 113 99 177 242 134 242 230 244 88 51 173 100 158 188 10 203 116 168 248 251 170 125 104 168 169 
218 204 218 153 68 169 90 144 156 51 141 194 216 135 243 29 15 128 242 135 239 60 96 127 157 197 16 19 110 26 35 110 104 182 188 118 141 93 162 149 241 96 181 63 202 21 108 120 197 0 193 112 220 107 115 122 145 251 86 237 
129 200 168 155 165 89 117 158 111 199 167 150 223 146 230 237 182 94 3 246 211 138 114 45 174 40 61 130 207 201 247 105 205 133 176 16 215 222 26 39 104 74 2 19 154 100 238 49 106 74 157 113 138 129 102 154 66 185 122 23 
169 157 86 121 110 234 43 225 70 163 202 74 135 210 157 96 66 67 27 117 134 58 181 28 224 114 11 106 53 14 204 177 58 45 112 103 100 246 183 101 109 215 19 186 247 123 78 87 235 6 198 17 24 116 90 73 167 185 148 119 
113 5 48 171 22 173 253 65 234 152 238 121 100 143 211 130 213 254 219 214 191 212 238 144 51 43 177 223 153 52 107 27 53 83 214 233 155 109 253 164 23 59 69 128 144 153 227 42 191 156 228 119 227 247 230 231 199 22 174 77 
75 101 118 193 71 238 240 104 51 191 66 13 107 152 103 31 11 243 35 193 2 184 47 123 244 38 200 182 97 78 142 154 255 48 173 53 118 84 68 17 111 2 146 25 94 13 75 161 180 237 78 223 236 12 10 20 251 105 238 188 
244 40 50 227 169 2 36 131 218 45 203 98 192 106 153 217 96 147 244 114 55 54 246 153 235 234 218 30 165 191 154 192 104 155 208 137 208 115 204 167 2 133 18 11 199 93 176 130 205 11 23 17 98 134 17 87 237 219 76 76 
8 132 100 11 65 225 15 145 53 165 21 246 56 107 187 3 2 113 35 43 5 34 17 4 14 227 236 40 125 25 137 99 124 192 43 141 217 11 195 208 132 99 13 207 14 167 32 140 251 155 125 220 146 250 21 212 215 159 88 17 
150 156 211 143 192 6 43 61 145 225 69 85 17 137 252 188 252 204 155 150 33 87 135 46 108 227 219 96 202 20 97 180 138 135 23 59 96 59 34 8 105 121 234 25 28 43 0 38 228 66 111 227 27 184 42 208 14 37 156 85 
88 177 64 222 112 32 241 206 36 169 149 71 138 184 165 88 211 22 61 76 21 160 25 247 235 136 31 243 92 203 48 102 176 90 212 249 142 186 226 22 61 194 17 254 175 17 221 144 141 57 7 105 155 98 121 48 28 2 216 174 
41 106 60 169 135 4 211 83 179 208 186 20 13 48 220 83 180 4 32 213 102 127 61 190 82 35 114 91 50 177 80 225 56 155 210 125 99 185 95 23 13 165 77 2 48 157 42 160 74 99 71 95 204 195 85 92 127 92 250 37 
229 251 25 194 134 44 115 183 201 95 208 146 203 157 7 29 62 169 168 208 76 199 97 130 140 159 162 57 215 7 192 158 4 33 63 45 119 27 58 37 44 225 127 205 13 31 133 178 78 125 252 46 238 22 241 17 119 80 37 183 
219 97 213 73 67 230 159 53 37 189 132 86 11 48 169 226 123 160 186 181 233 250 197 23 14 5 170 229 104 108 0 103 175 46 11 108 200 65 88 25 166 87 248 83 114 50 206 146 149 146 92 0 91 231 148 54 40 203 145 59 
218 177 112 172 10 250 200 106 8 32 249 56 167 164 143 1 172 118 226 226 88 230 45 55 199 145 218 182 254 230 99 37 132 153 221 186 196 26 244 42 33 39 152 89 81 231 8 53 124 94 57 166 11 120 91 64 109 109 135 156 
215 214 121 22 20 48 241 97 181 155 143 43 103 233 119 97 125 224 15 135 3 251 98 235 9 165 179 11 13 163 51 123 124 206 216 79 177 20 139 142 235 43 108 42 182 218 9 221 135 33 115 109 26 179 63 125 150 190 81 144 
103 58 198 149 11 106 252 204 25 181 48 36 228 82 129 99 106 66 191 107 130 238 164 200 153 160 119 211 110 155 66 35 57 194 128 38 70 99 90 135 185 222 113 90 121 6 134 182 116 73 134 253 164 224 37 156 14 150 42 76 
78 63 93 22 178 225 180 85 38 25 0 47 77 53 66 244 193 182 191 194 8 105 129 53 113 101 171 158 94 64 187 36 177 29 16 132 78 176 137 71 246 65 25 228 158 85 150 207 96 38 217 178 190 19 251 244 248 249 59 84 
194 146 140 231 230 219 165 9 23 38 76 136 73 181 199 106 26 191 8 218 193 86 7 192 55 79 33 246 14 204 39 219 225 222 42 254 228 182 227 246 235 6 246 57 1 5 200 90 161 114 177 190 140 203 80 124 140 35 28 133 
150 57 170 155 219 249 10 41 190 108 10 246 7 109 21 242 39 146 61 145 66 110 92 122 19 114 25 251 141 121 215 32 77 12 249 118 142 234 171 245 133 36 197 224 21 221 65 239 146 44 176 119 191 89 51 241 216 213 196 14 
196 89 155 138 81 71 25 177 106 165 165 43 255 141 220 31 174 198 97 144 118 111 15 129 175 70 153 176 27 26 79 115 129 7 216 170 161 255 64 132 9 88 92 194 28 0 5 255 162 27 250 7 120 231 88 5 46 230 151 190 
160 47 113 1 39 195 22 254 230 32 252 115 15 69 94 199 142 123 159 243 62 161 51 225 53 213 67 246 119 12 4 95 73 170 220 72 126 4 211 85 4 127 85 99 21 80 95 230 134 251 147 181 119 184 240 77 126 216 193 43 
82 84 120 84 181 0 214 4 200 211 33 232 51 142 24 135 49 241 207 3 114 70 5 43 149 56 228 173 218 112 29 75 55 87 240 238 58 117 230 108 108 215 182 30 207 210 135 168 123 66 101 232 252 166 232 224 27 57 115 3 
82 188 131 40 137 20 52 143 77 26 225 228 4 211 10 168 19 19 93 58 148 92 255 204 55 215 121 5 166 245 19 29 129 19 189 204 102 113 63 138 68 206 94 113 69 244 211 12 158 144 29 240 45 55 109 250 97 1 90 52 
170 219 21 23 109 207 147 22 175 28 132 87 131 57 10 123 160 98 66 27 6 218 7 172 61 100 69 170 197 67 32 133 69 181 68 18 85 171 139 150 224 94 13 76 106 198 70 18 63 168 85 29 56 146 172 236 146 171 246 163 
178 58 172 174 190 124 58 80 7 128 94 1 89 74 151 5 199 240 20 197 208 197 107 204 112 232 147 113 101 37 22 164 88 181 27 19 169 234 107 180 54 108 184 83 91 143 239 192 247 151 47 34 183 243 240 18 179 104 203 232 
239 59 75 125 142 149 61 208 147 122 216 17 94 172 54 40 7 185 134 221 119 100 167 105 116 12 12 91 110 189 9 53 40 69 92 204 34 126 115 121 28 52 241 230 63 238 202 79 208 220 189 111 87 31 49 249 108 72 77 225 
5 30 198 140 8 86 2 23 141 111 230 78 192 11 81 206 91 148 215 84 75 122 80 179 15 213 55 163 64 13 92 80 243 98 185 114 147 199 212 2 51 111 180 210 219 126 233 199 242 252 10 255 230 124 54 175 15 2 165 195 
102 179 15 84 22 13 200 219 182 217 53 240 124 132 59 14 192 72 21 222 113 109 40 75 45 151 149 108 177 193 227 74 23 115 81 99 187 191 254 43 98 164 184 211 120 58 229 17 253 240 191 108 167 253 199 73 229 121 92 243 
43 180 138 255 142 136 129 41 11 19 243 176 83 24 69 19 215 10 93 236 110 217 246 118 127 89 164 119 132 109 0 182 107 187 2 119 161 225 228 191 147 100 33 48 252 6 89 123 138 50 63 74 43 160 228 68 233 228 233 161 
209 36 39 124 77 32 116 194 121 21 128 106 102 28 255 67 13 10 172 4 88 211 11 105 240 125 222 157 191 69 149 19 176 253 9 145 41 38 63 230 159 41 0 170 72 81 150 48 131 255 27 206 69 13 211 254 41 57 0 34 
189 159 27 52 231 143 168 140 79 87 0 238 123 139 189 216 6 96 115 57 205 164 64 51 181 108 66 19 253 40 242 249 5 162 168 253 125 241 95 145 238 106 20 137 143 132 99 155 230 241 21 253 170 223 32 35 120 202 55 76 
107 84 153 42 58 44 218 95 221 31 31 37 66 156 16 113 79 134 196 41 166 213 183 38 239 189 1 113 167 111 205 47 164 74 217 116 32 194 99 1 211 116 97 89 90 2 230 46 196 235 22 71 219 168 86 206 6 44 250 187 
161 76 164 199 235 228 40 17 216 110 84 108 39 70 217 119 191 38 113 236 145 125 180 45 131 117 71 180 35 173 116 11 251 234 177 227 107 178 108 112 17 211 235 118 68 60 75 35 41 100 201 224 46 135 239 61 212 131 172 120 
154 109 153 144 146 112 104 205 33 121 159 92 145 158 174 97 187 69 25 68 178 200 100 227 178 27 101 177 193 111 42 209 220 66 219 213 165 101 244 52 17 128 207 222 153 108 1 242 186 30 172 115 11 103 160 137 117 191 220 226 
49 5 207 155 1 32 150 19 16 98 234 5 122 128 45 113 151 163 220 217 230 159 76 176 227 195 206 66 138 200 88 150 142 151 240 29 45 137 174 12 194 49 234 134 232 198 95 196 144 51 238 14 98 237 183 6 92 36 152 89 
35 203 142 27 137 10 26 225 84 119 95 9 123 74 219 166 11 28 54 203 126 186 226 209 104 127 105 209 50 71 138 5 62 10 171 231 18 81 188 127 14 255 135 149 126 93 173 54 134 99 10 139 149 248 4 202 43 104 242 226 
152 27 37 22 9 253 165 6 124 36 160 137 8 79 118 209 49 137 224 204 216 199 16 181 64 218 224 96 180 148 128 36 108 162 247 73 252 179 122 210 179 186 48 44 151 2 10 198 167 230 138 29 182 254 101 180 140 201 101 82 
136 230 97 167 207 47 177 187 1 109 45 189 203 89 30 57 53 12 10 20 128 170 10 42 221 214 199 240 255 201 166 191 2 137 40 237 5 228 76 63 146 212 60 89 120 41 28 153 183 228 52 68 103 130 183 31 6 99 108 169 
170 169 109 231 160 8 63 90 102 43 201 240 0 88 234 199 231 25 249 95 183 224 136 160 209 135 245 87 219 186 191 62 85 128 64 57 19 200 192 24 159 94 32 192 93 35 108 97 35 20 211 4 127 102 238 172 184 59 134 54 
