50 60
154 101 29 156 227 177 188 1 101 10 219 54 151 137 233 192 38 189 106 74 43 42 151 207 36 179 138 89 82 225 106 81 228 39 19 65 148 78 232 155 251 132 192 40 216 180 178 91 189 252 117 210 25 158 92 103 242 74 60 178 
179 115 36 134 115 14 48 254 132 49 2 196 33 47 68 59 245 63 48 4 218 132 113 185 73 250 108 91 145 97 158 178 141 146 126 60 115 29 122 210 250 43 208 29 99 214 192 190 53 192 156 253 151 138 15 2 155 79 108 190 
8 254 117 83 181 15 214 251 27 187 139 59 85 236 73 112 20 159 238 149 32 45 184 136 147 215 221 255 54 183 214 192 192 232 206 43 141 146 20 68 126 74 109 49 6 175 163 237 188 147 197 22 90 104 31 28 95 239 185 199 
23 130 114 45 106 57 201 72 212 141 136 191 212 127 194 209 84 128 31 160 85 43 190 186 246 73 68 209 236 36 18 231 42 39 252 115 120 136 94 249 54 77 210 176 98 225 249 135 21 100 119 106 143 129 155 245 240 174 47 38 
7 240 204 156 156 235 188 163 160 217 48 10 36 166 76 58 141 124 57 44 49 120 172 231 32 59 216 105 167 167 178 246 81 69 73 223 147 145 121 59 228 3 118 150 89 125 71 187 32 141 143 134 174 51 134 192 193 63 196 3 
237 181 60 250 44 66 207 243 77 123 117 132 21 21 67 244 119 238 98 195 175 5 146 85 5 43 108 194 148 5 75 15 58 63 112 126 40 28 59 249 149 198 31 103 239 115 130 243 83 44 27 136 193 40 51 71 248 64 210 98 
19 220 84 93 236 74 211 67 36 237 193 47 254 206 157 2 114 117 219 177 122 61 183 124 249 207 130 52 101 178 4 55 1 14 70 234 221 217 126 69 120 66 180 68 188 5 156 151 19 103 240 4 170 6 189 220 182 110 181 169 
180 17 112 146 96 44 155 211 236 187 173 191 99 78 44 46 110 86 163 230 201 238 71 211 198 173 97 53 216 40 41 133 197 58 5 96 11 74 228 234 113 76 46 15 123 225 155 119 220 200 150 69 66 216 249 115 77 33 80 54 
176 252 11 91 222 114 125 178 1 233 207 6 116 47 32 254 125 31 118 198 46 170 137 161 144 246 62 116 167 122 197 71 27 102 194 105 233 76 42 156 254 5 112 99 178 113 10 9 74 254 253 84 13 16 133 21 251 193 124 214 
152 180 111 146 238 217 54 80 181 89 156 168 112 180 112 223 10 196 217 218 5 247 139 215 60 19 244 86 98 235 175 169 168 97 108 95 228 11 194 63 185 94 42 179 205 75 113 212 229 52 123 146 193 222 163 179 232 79 107 50 
64 224 18 162 233 247 67 146 26 35 102 110 69 117 185 76 50 40 170 166 117 19 39 87 165 240 16 50 44 181 20 126 119 56 11 84 74 0 37 12 19 52 215 52 44 200 226 54 23 7 210 26 46 98 34 56 27 33 49 196 
26 164 10 47 233 150 30 51 93 189 237 216 74 33 89 44 80 113 163 190 108 159 85 22 44 171 2 192 253 87 50 92 154 3 9 134 253 127 236 40 245 36 88 19 77 169 248 0 74 23 180 53 65 52 108 243 56 88 170 186 
92 196 138 115 31 57 80 247 80 9 253 223 72 210 18 35 253 58 219 21 155 19 72 26 47 171 230 77 146 77 131 128 252 210 187 15 34 183 17 95 112 147 154 154 218 11 158 48 247 195 53 47 225 138 83 40 217 164 128 255 
103 204 6 247 219 62 234 30 110 188 228 186 87 246 115 145 187 230 83 238 114 75 21 169 106 129 77 89 134 177 71 216 165 233 177 208 255 237 125 159 163 42 240 154 129 101 220 65 9 236 57 85 125 137 156 160 201 15 164 128 
240 152 252 204 254 94 96 7 219 248 48 110 27 179 164 139 53 96 197 68 67 180 77 147 73 69 47 101 214 31 132 248 11 244 113 200 174 171 193 47 86 154 156 129 199 229 76 214 13 94 35 165 66 174 130 17 111 142 41 228 
249 201 249 45 225 149 224 3 137 175 6 220 45 38 153 148 142 204 61 209 142 98 166 42 141 120 224 89 7 188 235 64 251 76 130 5 144 188 224 85 77 169 30 21 111 131 252 197 122 179 78 36 137 151 97 160 54 156 14 5 
28 230 33 3 99 244 205 252 99 152 200 76 28 111 24 43 136 56 90 123 178 217 233 244 209 100 13 231 254 28 102 75 156 216 93 124 173 125 229 94 22 193 160 1 227 51 218 171 11 225 83 180 165 243 111 77 50 247 29 185 
90 176 124 101 178 106 154 38 13 15 93 154 142 136 14 33 53 162 240 81 73 247 213 130 35 248 104 125 163 208 140 211 89 228 215 175 50 187 18 87 124 232 109 148 81 167 58 3 174 195 161 182 236 154 81 134 110 209 198 132 
230 173 128 233 7 122 142 152 9 106 217 123 96 38 19 136 100 50 224 5 169 12 119 170 66 69 63 213 229 144 41 161 115 205 15 198 136 95 52 66 208 8 155 80 103 194 45 80 135 29 114 194 142 231 188 120 37 43 2 140 
112 28 183 32 240 97 228 171 189 26 119 2 170 154 177 174 12 49 23 18 135 184 80 229 40 224 127 180 173 162 202 136 110 37 5 127 253 45 233 255 199 100 200 96 137 24 104 84 122 251 106 242 178 205 235 35 98 152 239 73 
127 47 15 208 81 58 245 178 76 88 143 186 212 53 134 128 238 195 47 81 235 123 12 2 178 164 40 125 114 96 92 209 224 103 100 55 50 51 165 167 90 42 0 65 174 173 141 231 200 199 59 158 97 45 80 49 64 85 211 154 
100 188 24 232 211 182 181 17 71 192 210 207 37 7 75 59 175 212 140 106 103 67 210 35 191 152 231 41 42 192 219 214 102 114 151 143 197 176 172 231 173 7 242 102 160 189 9 157 34 224 124 204 237 148 40 200 161 207 69 49 
112 177 87 142 182 97 233 132 35 166 10 114 175 55 219 147 134 119 118 134 3 138 47 63 52 33 123 215 106 151 86 4 207 249 143 28 10 22 158 89 149 178 176 116 57 56 232 43 38 173 71 217 148 167 13 181 166 248 120 192 
89 236 13 194 136 14 37 191 112 216 29 208 10 191 0 228 128 217 135 19 186 0 30 176 132 196 196 158 160 150 120 88 84 117 120 0 212 223 121 177 216 47 15 79 38 25 189 98 0 193 164 9 117 140 3 167 14 157 26 144 
209 163 43 100 10 156 243 138 146 16 101 79 146 74 16 251 33 107 36 98 163 5 168 178 200 101 90 14 209 230 24 180 56 76 163 227 110 245 53 158 33 162 226 24 161 205 3 208 76 218 114 83 6 245 58 237 14 136 253 239 
14 25 112 133 3 187 60 173 231 154 80 82 118 181 131 100 195 237 36 216 67 129 252 167 49 179 130 44 55 0 14 118 242 138 216 114 6 188 160 46 99 2 162 5 38 155 244 19 188 99 104 181 224 49 240 12 106 114 245 65 
64 30 71 172 88 111 115 203 108 36 156 114 115 166 83 31 229 225 90 230 24 40 69 237 79 173 178 250 9 216 53 157 115 64 148 130 245 154 224 20 233 201 37 220 176 226 216 49 97 227 107 48 226 132 113 210 192 23 171 18 
254 216 240 40 59 73 81 236 39 39 131 113 178 155 82 101 85 4 179 207 110 213 5 128 99 214 202 204 9 3 232 91 239 231 56 99 159 224 141 241 211 121 7 42 193 130 129 74 218 169 58 44 16 145 134 197 104 240 58 109 
97 81 137 230 109 210 210 77 143 84 106 112 35 210 100 196 14 7 3 203 241 255 5 24 146 62 187 128 87 143 180 135 247 43 42 122 84 73 74 244 234 50 215 230 35 25 28 58 213 173 25 82 218 33 116 74 201 162 9 11 
12 117 17 197 52 223 226 236 187 184 115 208 209 198 43 219 41 179 157 218 190 27 85 151 95 74 45 146 88 149 184 178 65 202 255 66 215 80 8 15 254 204 85 213 218 40 218 169 192 89 43 8 164 155 195 44 237 72 70 38 
42 39 39 1 83 117 202 239 157 120 229 236 245 133 169 78 104 159 99 231 74 163 180 178 190 241 27 82 68 169 38 194 168 206 217 9 102 67 208 95 164 42 239 222 128 81 56 232 47 201 230 214 101 100 121 233 147 24 102 232 
107 71 118 59 55 246 232 68 198 63 13 160 5 211 47 151 21 32 0 47 108 71 61 121 250 219 134 64 236 12 109 224 54 180 137 207 246 200 217 208 29 65 133 34 77 233 144 197 4 25 231 158 29 193 68 95 17 52 170 209 
250 95 196 150 178 4 135 9 159 147 155 245 15 78 132 243 213 157 0 199 172 228 231 168 146 148 226 79 199 24 65 42 30 135 99 183 29 72 72 54 133 106 242 247 54 111 60 142 155 184 238 245 165 109 170 2 173 69 204 129 
32 88 250 107 204 155 221 92 168 22 190 216 205 89 197 157 23 242 222 15 74 10 73 197 75 142 21 89 107 169 203 170 158 244 22 212 20 131 209 7 51 108 208 108 98 234 164 124 186 179 107 16 39 119 118 243 202 151 197 91 
205 65 168 4 203 114 192 1 134 147 104 174 243 238 244 82 113 167 255 194 228 68 212 180 140 39 206 147 172 250 138 216 245 48 14 54 255 18 221 239 84 155 151 192 71 11 217 145 175 240 77 38 41 68 219 167 144 157 40 221 
119 149 70 126 93 122 33 6 142 95 11 5 208 35 29 236 63 18 111 233 137 112 7 50 11 162 117 23 134 10 182 223 224 217 9 51 56 57 87 158 227 218 109 33 143 30 77 229 43 97 232 245 2 187 50 209 10 19 114 126 
79 53 215 169 201 129 183 178 104 183 189 49 29 219 78 231 106 111 234 157 160 231 95 166 7 184 77 214 76 29 76 213 244 48 114 128 38 56 210 197 44 29 55 6 227 217 230 105 78 97 87 38 144 235 107 245 101 64 81 235 
137 63 235 66 173 61 229 105 115 61 49 101 39 118 138 178 135 97 81 102 94 110 244 36 34 2 93 178 98 95 48 186 74 20 76 119 81 147 163 70 152 149 103 182 121 240 25 71 227 60 184 4 141 2 104 247 253 242 112 233 
214 244 118 220 152 251 33 59 66 8 49 10 146 3 45 254 102 2 12 227 231 94 228 21 239 128 95 57 52 14 72 201 45 33 44 185 142 35 46 226 175 40 3 220 183 136 246 255 194 114 41 34 242 207 47 248 204 225 174 184 
215 144 219 136 10 122 9 205 45 32 11 207 15 91 168 185 120 143 17 35 137 75 15 144 85 53 118 38 228 160 114 167 137 126 185 7 74 86 70 36 73 238 75 178 220 42 59 23 255 59 210 140 131 151 16 136 164 153 249 187 
163 117 35 75 172 60 64 75 241 73 123 85 118 5 146 194 125 12 99 234 117 58 247 148 193 226 57 243 210 61 193 175 21 89 165 79 8 145 177 157 143 18 228 162 52 141 50 208 84 14 96 48 246 207 101 205 220 174 110 72 
44 197 2 140 7 148 233 95 110 77 207 115 138 111 28 203 72 49 1 69 107 76 73 34 229 118 38 236 116 51 85 198 129 244 52 222 173 141 138 133 252 204 72 65 227 17 195 74 254 161 206 46 117 36 88 241 106 231 4 87 
174 217 91 192 195 61 173 185 61 141 255 124 43 51 235 80 150 175 86 236 25 57 255 104 39 107 164 249 211 49 47 14 192 230 51 23 43 183 253 49 190 4 68 3 150 124 192 239 65 2 229 99 136 246 175 85 90 158 227 110 
217 113 194 40 117 146 235 169 214 57 233 251 146 100 226 108 208 51 107 190 178 178 195 133 78 84 29 152 237 175 27 127 158 46 123 77 62 144 118 110 114 123 105 57 228 118 2 254 10 97 189 24 121 72 93 131 171 84 194 8 
145 45 73 155 208 141 60 239 226 74 67 71 102 106 6 14 255 232 68 234 137 184 213 255 33 32 240 27 240 77 171 57 9 211 33 236 120 148 122 108 104 203 60 208 73 211 136 184 146 44 193 163 181 173 234 35 92 44 95 29 
255 115 78 84 44 194 141 182 126 146 4 170 208 24 210 244 235 205 253 46 6 89 236 157 248 133 231 182 206 185 148 230 87 45 49 123 160 51 97 145 53 94 141 186 65 95 59 75 183 229 128 223 221 69 153 107 242 113 88 163 
139 41 219 155 85 106 226 171 106 91 148 190 75 161 243 71 32 0 99 50 109 196 43 146 105 6 211 11 251 218 29 2 123 48 203 190 246 67 107 134 247 49 41 216 207 100 125 91 7 56 116 92 139 57 115 155 247 194 111 232 
202 149 205 88 235 88 60 49 61 164 184 143 124 140 65 149 156 21 189 162 213 126 113 51 28 228 229 31 147 43 203 220 198 98 110 143 122 27 28 116 219 204 217 108 156 220 75 190 46 189 103 154 254 188 252 210 174 159 191 217 
66 46 255 212 139 73 133 232 236 50 88 246 158 172 87 222 73 37 118 228 237 234 122 181 228 208 210 137 228 34 148 50 170 205 14 28 71 4 171 251 204 73 59 38 12 184 106 245 46 33 132 150 250 13 191 22 183 24 202 250 
59 123 191 16 107 175 248 77 204 199 10 16 28 155 197 235 148 116 82 191 102 155 175 95 47 139 230 128 15 195 192 75 192 143 204 50 186 74 78 222 65 172 225 108 35 242 165 121 57 69 58 218 53 235 195 122 202 118 0 20 
