50 60
125 155 44 223 165 167 204 161 167 120 230 123 90 114 236 152 148 5 176 113 247 97 176 14 89 244 124 134 208 56 34 197 248 83 187 12 99 32 93 119 130 65 148 20 5 17 117 178 43 189 249 142 215 27 179 37 192 112 194 59 
46 154 184 31 243 105 160 249 138 118 236 196 182 65 102 206 37 42 132 186 103 72 61 118 89 54 179 114 130 237 201 161 34 114 97 199 173 235 70 209 117 96 245 125 145 151 204 66 61 11 103 137 8 56 76 11 229 82 157 219 
107 57 210 240 181 7 66 153 180 215 52 105 213 46 5 141 160 108 131 216 5 88 242 195 128 104 157 117 64 104 156 136 245 116 0 228 27 118 213 169 232 149 195 16 152 28 94 254 226 114 215 83 171 105 29 226 121 178 10 71 
34 175 98 172 240 143 81 93 104 206 90 231 173 53 195 175 180 3 239 15 123 87 60 43 74 139 48 52 65 86 129 134 65 93 146 189 103 109 123 246 139 18 35 202 114 240 164 216 4 212 51 142 134 30 251 245 42 114 201 200 
15 134 209 236 66 14 225 112 210 205 148 216 105 23 114 132 191 63 210 188 193 45 244 3 128 14 216 116 250 23 100 94 218 6 203 82 146 203 159 136 54 17 202 25 40 164 198 107 151 44 51 61 237 158 29 61 92 168 9 131 
159 172 180 189 137 168 195 100 75 1 250 30 37 159 78 200 55 64 121 128 89 0 229 37 64 215 175 223 124 12 184 187 174 146 208 65 246 69 93 87 182 18 95 255 248 104 112 51 60 80 131 196 47 182 3 203 20 166 74 15 
250 139 196 214 217 58 122 121 255 101 199 92 244 154 26 87 14 89 40 237 158 12 217 228 240 90 74 36 102 142 117 183 136 108 204 124 186 129 35 169 205 24 112 36 4 86 77 123 213 150 124 251 65 222 182 146 92 228 35 57 
235 214 178 136 208 108 183 27 105 168 8 214 49 127 9 218 65 224 136 212 52 100 199 119 119 122 201 100 243 74 84 251 2 64 186 227 14 190 55 83 228 194 166 249 226 29 5 90 41 52 127 218 230 46 68 152 131 10 71 134 
5 55 186 200 105 155 47 199 115 154 212 77 246 136 113 179 108 173 213 44 109 106 49 43 243 70 161 89 48 193 116 243 189 233 213 25 91 121 46 84 251 120 191 147 122 89 208 246 187 250 80 139 86 29 250 59 81 15 7 176 
241 190 25 36 27 99 240 98 202 223 182 54 193 253 63 85 232 124 62 147 148 31 177 44 234 55 189 240 70 254 245 190 22 30 65 216 218 78 129 210 159 75 226 222 244 116 0 254 238 251 30 212 51 99 236 254 236 155 234 202 
14 143 35 142 68 100 213 186 220 52 207 24 55 88 59 124 204 209 218 53 157 25 184 147 240 252 210 149 204 3 42 162 142 68 76 162 93 25 111 193 49 102 55 246 39 68 152 52 155 203 156 136 176 85 53 51 176 232 173 94 
55 189 37 26 172 213 213 157 11 3 18 181 146 225 189 43 183 125 162 124 108 239 45 203 128 226 163 43 205 229 174 219 235 193 231 36 133 254 33 86 67 131 78 61 145 184 74 104 63 4 29 208 209 181 163 157 105 166 219 196 
188 244 79 120 95 140 186 6 118 250 200 206 98 181 138 104 65 19 220 213 240 41 123 112 98 46 254 7 21 173 203 41 169 87 126 98 9 8 173 197 82 116 62 36 245 15 228 222 255 242 247 213 119 5 57 109 142 84 168 24 
4 245 177 85 152 10 239 30 191 24 93 58 114 173 150 243 57 199 219 95 174 100 0 129 67 90 63 87 184 110 92 193 122 49 72 21 25 93 21 136 190 147 238 199 170 241 180 243 81 230 47 221 159 167 203 100 63 44 235 27 
199 13 136 62 134 116 191 152 110 163 248 57 0 107 161 29 118 161 6 49 161 71 103 237 106 208 55 79 227 61 144 224 29 34 124 174 109 152 172 137 176 51 20 35 29 128 37 45 61 243 235 69 106 195 136 244 172 96 249 169 
12 60 6 201 72 61 163 83 185 102 135 233 44 112 185 78 205 111 247 132 139 139 66 66 247 223 181 184 125 133 24 228 27 62 32 139 74 15 203 10 201 88 30 23 52 144 128 77 227 233 90 254 48 200 177 87 198 206 114 56 
8 117 201 194 188 41 115 33 128 24 149 155 86 62 104 247 27 205 181 255 27 123 213 207 90 235 233 106 201 69 234 222 145 132 190 212 82 80 83 168 234 25 245 169 44 236 253 79 180 234 214 20 119 133 209 201 239 19 26 218 
145 47 195 182 255 102 50 102 228 91 255 222 147 168 155 135 72 18 84 64 233 175 88 99 66 187 12 54 204 0 62 149 31 247 157 134 171 61 228 223 239 186 163 149 123 128 76 85 190 172 0 252 40 127 98 120 221 137 130 171 
153 126 224 145 155 125 166 50 184 216 56 64 43 79 183 105 241 254 216 30 15 140 166 25 24 232 155 90 155 30 249 162 180 3 217 38 83 72 159 191 61 96 70 147 197 214 130 207 200 94 180 37 82 231 198 94 16 183 129 44 
88 56 33 162 98 37 43 77 56 253 70 66 141 194 173 29 90 228 165 245 70 207 14 55 106 243 217 176 154 252 46 95 50 170 220 40 57 164 123 3 45 65 238 173 161 171 191 223 187 104 82 253 181 56 152 159 174 157 214 162 
46 219 80 67 243 77 251 208 59 53 62 40 218 95 176 172 161 121 173 150 101 198 80 181 7 130 18 124 189 78 66 48 234 15 111 135 116 145 173 27 163 244 210 86 228 5 215 214 217 34 137 52 22 39 139 98 118 152 21 40 
135 43 88 26 106 84 131 144 63 189 49 171 187 116 220 95 254 190 154 200 79 218 194 250 215 32 20 81 75 129 4 67 178 219 187 237 23 35 2 239 86 145 2 186 124 73 75 101 104 149 226 252 125 222 231 220 225 61 254 79 
146 105 55 47 78 166 243 187 158 230 203 254 189 222 95 126 74 164 224 155 49 69 123 137 70 14 79 186 86 116 255 183 28 214 146 181 45 214 24 63 4 227 65 107 185 146 214 252 34 204 250 19 37 78 237 206 10 112 17 101 
76 173 4 94 88 165 129 45 185 214 70 9 67 62 122 106 99 150 50 230 106 164 251 151 31 191 210 134 105 71 229 248 47 224 42 31 67 90 226 245 252 233 222 34 102 31 248 203 145 155 90 53 11 198 44 239 191 238 89 254 
95 6 82 54 24 116 180 126 252 96 185 108 202 5 122 220 222 182 200 155 199 52 1 219 58 219 170 123 54 44 87 124 110 111 110 217 63 33 123 81 25 144 47 119 48 149 107 32 65 100 113 59 68 83 171 41 50 6 195 130 
145 20 6 125 172 85 113 31 119 87 211 9 90 126 99 40 165 251 63 106 178 93 3 72 138 160 74 30 127 10 66 243 128 34 48 16 21 139 178 225 146 123 69 233 9 219 224 150 242 224 86 227 21 55 225 4 85 189 37 200 
10 165 31 105 34 31 6 35 15 170 145 105 154 0 122 210 103 242 10 99 133 159 247 19 8 212 143 130 174 219 24 116 11 22 168 205 88 64 66 116 237 146 255 95 26 159 0 57 175 125 135 237 4 65 61 216 179 66 129 187 
128 118 69 16 156 70 29 172 192 196 173 129 250 53 52 204 96 178 212 151 34 116 57 18 154 132 87 108 176 169 38 57 163 206 99 157 196 242 180 98 134 92 246 102 64 105 211 219 162 21 32 86 205 16 159 169 99 132 36 105 
44 108 78 12 1 200 59 116 65 187 148 51 82 144 131 210 42 54 63 118 90 203 183 253 191 62 192 141 72 13 16 212 217 231 129 221 168 214 246 78 241 200 28 75 70 109 201 228 147 231 26 127 224 66 46 139 193 4 115 81 
164 84 185 97 18 177 248 45 111 41 234 51 129 198 200 170 144 168 121 207 116 137 235 209 247 107 34 126 121 10 17 174 205 99 20 99 180 88 224 38 61 52 1 162 230 28 255 55 49 144 58 161 11 176 18 95 126 135 120 170 
7 174 215 29 4 101 120 239 111 90 4 65 196 113 125 136 61 244 92 43 91 93 227 41 69 100 78 93 230 238 230 209 67 50 0 73 135 124 84 225 116 152 255 232 150 111 218 50 217 169 21 171 131 60 146 169 248 228 109 56 
217 62 97 120 68 53 105 202 145 139 21 216 190 202 229 218 177 235 251 23 116 243 224 156 95 50 178 16 120 57 163 212 235 110 91 56 111 162 171 209 26 41 224 180 24 165 146 187 145 214 85 78 216 24 145 24 164 113 91 36 
110 249 230 243 194 210 186 29 218 232 198 204 97 83 34 22 147 202 73 50 151 247 113 67 215 131 76 127 109 94 68 146 198 249 28 41 31 183 57 185 173 242 253 36 92 249 207 47 156 79 38 246 235 220 26 212 104 30 134 173 
109 117 210 137 227 30 114 242 81 69 97 221 151 58 146 188 42 34 26 239 202 228 132 32 109 40 124 136 229 248 244 116 51 133 58 47 71 11 196 8 234 133 106 225 178 5 209 70 119 157 210 145 74 214 158 177 42 129 37 104 
94 22 141 41 187 13 143 48 21 33 32 31 57 254 35 91 244 219 207 118 74 161 18 15 51 192 91 126 79 133 172 127 65 133 122 191 194 60 31 58 80 230 57 162 83 190 98 147 197 110 183 47 202 133 42 2 101 174 77 51 
25 146 105 32 126 179 179 189 123 94 225 193 123 172 53 74 208 44 75 152 7 57 123 133 139 95 20 133 199 60 14 156 82 219 175 138 190 33 212 255 169 131 197 129 78 161 137 8 165 84 190 193 252 255 136 214 103 82 174 206 
221 70 8 237 125 197 189 118 165 48 139 244 151 49 135 239 90 179 240 10 11 155 34 200 96 206 234 121 251 234 217 8 208 218 234 148 203 247 90 241 149 43 104 162 60 5 54 225 125 198 78 65 171 19 166 53 244 224 63 5 
192 182 58 219 39 12 67 183 177 186 200 207 182 171 198 223 224 194 150 10 137 213 65 189 168 110 216 108 224 246 38 141 193 39 38 8 157 222 212 211 82 46 118 24 16 193 33 242 98 10 63 14 245 206 173 191 25 201 183 171 
26 95 94 247 223 222 217 176 172 218 105 169 238 44 213 20 74 250 193 207 136 134 67 19 233 122 162 154 181 92 175 155 100 206 32 204 210 236 224 29 141 199 193 193 113 41 209 137 26 211 200 247 75 147 84 11 85 17 102 86 
108 77 245 42 183 147 128 247 147 168 149 103 91 14 228 3 46 81 124 46 153 169 21 226 236 145 240 120 60 110 146 84 133 199 107 26 196 31 98 172 185 222 199 147 53 101 98 108 184 225 55 147 165 91 254 190 238 154 84 86 
206 98 172 25 210 171 73 137 164 12 23 246 106 129 92 255 115 80 4 118 103 11 58 33 97 114 84 22 248 187 68 69 52 45 17 182 195 177 221 14 67 18 26 181 6 241 9 145 0 104 207 18 91 154 74 130 36 43 206 69 
5 19 222 231 244 97 171 207 162 242 139 1 193 148 193 138 188 108 62 0 135 5 197 255 193 24 112 251 70 230 121 55 70 224 83 215 27 21 202 19 113 167 60 232 62 174 130 0 137 248 149 31 94 78 94 171 14 21 125 19 
240 165 153 25 193 23 234 184 254 128 199 220 46 93 248 97 171 200 187 86 140 9 38 141 239 156 170 6 232 83 148 202 13 127 161 88 119 72 187 162 55 142 99 156 60 0 78 78 30 43 191 139 124 249 11 191 146 105 104 98 
86 179 61 217 109 4 198 196 191 21 66 192 217 171 166 123 72 163 6 170 122 15 155 236 178 237 153 145 228 181 90 158 64 164 181 194 188 160 46 206 25 53 153 66 77 46 15 221 5 170 246 153 41 225 106 147 128 218 216 247 
136 195 191 30 58 223 203 80 121 33 112 159 109 0 138 247 65 5 92 206 99 115 184 36 226 169 220 119 236 253 41 22 252 122 59 15 209 240 192 94 75 145 40 214 102 107 53 51 226 40 251 142 111 37 54 199 204 76 61 190 
199 235 162 134 168 71 206 196 167 13 163 224 126 218 86 193 99 160 248 44 127 23 116 75 90 191 148 51 233 75 242 147 64 50 133 188 143 145 0 63 124 222 192 251 22 236 97 76 249 156 211 235 224 138 56 23 18 67 214 155 
108 7 232 93 171 86 239 29 40 249 92 133 95 31 186 136 185 243 228 23 156 102 134 222 151 244 124 9 163 221 41 134 152 83 174 250 79 44 122 120 60 160 41 14 37 44 103 67 52 80 230 66 202 39 52 254 76 127 192 175 
48 58 176 241 153 202 223 8 35 34 185 32 173 121 244 16 87 104 36 108 99 167 182 171 116 48 155 71 244 58 167 155 39 159 95 163 153 24 179 24 101 250 14 29 214 207 239 77 81 208 45 50 29 231 87 136 221 45 252 218 
188 220 254 203 143 137 118 68 244 33 14 167 144 189 74 26 184 3 255 198 126 235 14 242 235 138 242 28 200 164 21 92 126 13 139 35 202 153 223 121 54 161 153 244 81 30 25 167 222 29 19 160 70 140 106 34 212 185 172 154 
244 130 59 81 210 27 74 127 1 220 127 77 70 190 136 205 224 58 4 230 69 139 224 216 69 35 205 252 86 71 135 225 245 33 181 161 250 83 138 48 73 102 6 20 165 207 102 196 192 80 71 238 206 128 110 40 94 53 68 45 
