50 60
45 134 224 201 86 110 120 177 37 108 55 246 190 177 25 14 231 211 249 249 245 87 161 90 24 126 169 197 189 23 86 125 6 55 194 255 66 160 125 98 56 219 55 16 16 254 206 47 237 218 51 69 204 19 7 159 120 123 95 136 
104 148 216 128 16 60 218 102 180 215 28 69 213 111 27 252 126 119 199 186 76 29 18 212 193 212 228 2 184 55 167 32 67 49 77 180 62 50 254 116 134 118 200 209 47 174 193 120 140 70 198 137 224 82 117 233 253 63 87 79 
51 34 100 225 142 79 31 38 58 49 41 158 122 221 57 139 87 137 182 124 192 103 3 129 11 253 223 174 164 204 3 59 229 81 204 149 145 22 242 118 64 81 102 162 94 142 4 48 125 58 134 163 150 156 112 226 165 47 56 14 
156 118 30 212 33 34 228 169 68 254 65 31 192 49 6 160 243 24 80 48 237 216 129 92 227 150 75 131 109 73 226 232 26 96 101 196 210 125 231 63 243 16 63 243 18 253 174 136 112 173 131 246 232 145 185 203 108 73 149 54 
166 220 67 4 92 88 192 80 51 181 33 117 208 164 55 59 102 77 74 47 36 209 135 234 3 244 3 165 198 208 188 145 255 79 109 7 29 212 72 49 38 106 112 111 4 1 172 135 250 62 73 153 238 160 220 242 60 236 60 48 
153 208 141 118 179 125 187 237 92 6 118 73 148 14 98 44 131 127 55 5 55 79 38 206 95 87 122 189 145 213 54 225 117 137 229 22 134 28 255 219 185 149 5 44 209 95 133 180 49 6 201 54 152 227 99 2 248 219 239 73 
210 111 228 17 146 17 140 20 190 243 50 23 207 211 197 195 163 110 212 18 166 222 32 134 119 166 57 195 102 215 137 104 132 217 126 5 229 74 61 90 36 6 135 32 123 193 4 245 1 6 168 120 150 87 49 181 226 222 45 0 
58 3 55 21 8 225 60 125 168 188 5 196 242 58 135 163 151 145 184 115 128 89 1 185 183 161 76 143 230 187 9 26 55 73 107 57 254 224 86 245 165 184 33 196 39 44 165 80 166 246 156 108 226 237 87 65 168 91 27 254 
1 234 44 58 188 196 92 15 132 36 6 245 195 108 74 48 98 212 234 237 212 82 33 87 238 136 205 188 17 216 122 60 50 196 140 98 133 69 180 20 225 132 77 120 74 106 238 108 27 41 114 145 108 159 142 239 44 114 181 175 
71 8 26 21 32 226 192 110 242 223 31 127 81 47 24 112 189 228 15 18 72 170 173 128 29 188 51 169 13 221 97 142 219 130 253 180 68 254 81 38 60 34 132 149 98 78 95 116 201 248 26 215 243 0 177 216 102 86 37 187 
246 12 23 24 186 31 205 76 163 39 254 244 10 124 31 251 107 127 0 233 77 96 158 155 127 110 89 205 247 52 121 208 148 103 123 123 33 236 201 20 44 89 171 193 76 207 183 36 250 177 199 236 171 184 235 236 35 189 209 5 
163 42 55 157 126 64 121 215 20 163 185 161 2 47 61 240 6 207 138 205 252 215 134 73 133 62 208 15 203 65 225 209 51 145 64 227 249 48 11 100 214 166 5 11 94 205 228 9 29 207 250 148 76 247 111 158 51 161 207 106 
122 75 68 210 63 235 29 140 107 194 106 50 162 148 243 6 40 216 6 117 19 196 99 37 80 55 121 134 144 119 63 50 118 44 170 59 197 231 9 216 151 21 193 103 227 29 231 63 107 136 179 186 17 36 39 60 240 71 1 149 
229 156 132 126 191 50 26 144 252 162 221 104 96 111 49 106 21 11 12 226 112 20 222 53 60 245 75 149 23 15 36 133 35 116 188 150 29 164 147 121 155 83 194 47 77 27 33 132 16 15 97 39 17 84 93 109 77 231 140 172 
232 162 244 180 115 97 239 45 31 60 185 47 163 177 254 97 240 170 52 119 86 211 55 206 111 164 181 179 8 255 135 165 92 253 13 109 142 96 125 62 53 66 216 160 222 1 100 116 49 122 39 162 137 91 152 51 15 69 237 3 
24 252 187 127 77 111 11 251 228 38 174 117 47 175 192 22 94 128 216 167 170 207 251 180 128 139 171 107 101 213 76 101 154 165 200 243 226 221 191 180 150 125 72 67 153 199 75 237 220 187 250 0 118 83 254 84 169 194 136 251 
209 225 210 106 217 5 183 115 104 66 70 29 187 90 108 42 80 78 181 199 47 255 174 112 149 243 200 0 23 192 61 228 59 182 149 136 23 164 200 111 210 246 161 116 220 80 185 37 103 10 211 188 78 51 237 185 186 59 237 226 
250 176 109 170 27 167 70 210 95 102 182 7 74 10 216 216 6 180 165 253 249 242 99 249 36 78 165 222 234 230 46 103 14 155 222 204 242 239 81 195 55 57 123 35 33 75 87 181 82 182 193 226 170 162 212 49 225 68 106 167 
12 40 121 134 144 123 65 212 177 102 146 77 138 2 61 67 42 110 128 195 175 251 20 208 81 5 112 1 173 180 92 117 48 4 111 33 231 6 65 15 143 90 245 11 63 7 220 108 80 218 88 212 106 222 122 66 45 241 78 1 
133 22 36 103 42 255 139 88 181 61 203 5 72 125 34 36 1 135 180 104 140 8 137 5 138 179 224 106 206 225 244 45 155 76 168 245 249 166 220 0 93 96 242 207 49 97 72 175 144 124 44 149 220 201 229 210 161 124 242 25 
191 62 79 119 31 104 54 71 59 60 48 152 91 148 31 110 24 55 250 58 124 73 27 195 229 199 246 19 157 228 31 29 10 113 48 218 95 137 77 27 170 55 52 59 120 145 44 198 33 6 12 83 10 64 40 187 148 54 15 31 
74 63 248 27 156 11 181 118 128 190 181 153 241 13 177 182 182 255 137 203 162 207 197 138 191 243 246 144 16 109 226 146 147 239 200 40 51 148 222 183 108 157 189 65 158 26 128 28 144 238 66 69 2 84 150 178 255 127 128 57 
238 180 80 165 118 128 150 30 65 196 0 152 141 235 42 2 188 31 180 74 122 192 62 11 251 23 3 227 78 86 126 71 175 174 139 109 184 69 73 139 237 157 144 52 7 204 180 152 212 152 64 205 230 173 221 176 171 248 155 107 
100 46 91 27 104 174 147 219 201 130 99 70 217 184 221 30 136 156 212 80 216 37 15 85 97 237 61 138 244 204 69 218 21 255 3 105 11 70 148 73 214 37 167 42 115 212 26 77 66 125 6 120 95 120 241 103 232 189 117 107 
124 67 0 134 198 230 188 86 223 79 183 211 59 83 74 219 7 151 22 80 84 78 53 203 24 128 20 0 211 242 41 242 0 196 80 85 73 20 7 57 112 246 208 167 39 27 91 233 133 72 140 242 84 43 143 243 101 163 35 193 
178 32 128 252 157 15 63 211 232 119 228 114 182 98 231 199 227 218 59 85 210 105 208 254 18 203 32 204 89 72 93 197 137 20 170 213 50 186 59 232 107 57 119 220 31 24 196 192 227 72 46 119 235 106 205 225 223 148 105 117 
138 236 235 156 157 162 45 149 27 81 92 65 218 148 167 56 76 153 15 10 84 126 48 64 255 147 138 197 202 60 203 137 242 35 113 216 86 195 192 121 151 152 101 208 97 225 34 203 160 126 234 81 116 224 83 209 89 249 55 72 
5 93 137 226 121 64 203 114 74 14 76 223 227 127 127 209 35 141 33 230 56 120 238 143 217 28 171 70 32 10 139 217 53 89 179 52 147 89 34 99 12 135 27 249 19 14 220 99 100 165 147 169 103 164 235 168 29 123 161 140 
154 14 37 209 251 104 124 184 184 197 163 89 103 100 15 207 194 253 77 197 64 211 205 242 64 218 153 7 17 52 199 113 47 142 116 245 33 1 172 82 229 197 125 226 95 185 178 110 16 71 183 86 140 167 89 244 152 122 3 168 
191 104 222 235 106 168 250 40 15 109 129 182 124 108 6 166 191 106 13 158 7 186 27 199 216 25 28 146 101 216 151 213 87 170 10 3 208 12 164 177 135 16 214 78 78 113 128 204 115 191 121 52 158 2 132 107 10 5 8 14 
100 71 239 52 210 8 44 134 127 185 143 204 121 255 94 4 2 169 164 235 11 175 156 77 36 96 74 151 133 93 134 236 47 204 105 26 190 184 157 187 0 8 2 201 217 112 66 238 29 159 149 108 0 48 94 52 147 250 182 246 
241 171 69 70 119 7 207 251 85 23 130 239 204 146 145 133 95 213 23 182 173 7 128 170 223 9 15 196 128 241 116 160 59 191 60 85 115 165 67 192 46 222 47 193 212 145 195 179 152 230 230 104 109 61 3 73 140 168 103 248 
31 219 46 70 152 134 227 22 69 164 12 22 108 57 131 21 241 92 223 229 107 218 148 181 65 51 242 191 244 220 135 157 77 78 84 113 220 189 138 163 159 116 164 85 130 123 181 255 255 235 187 182 205 225 142 230 233 21 38 230 
255 252 192 248 99 89 218 17 42 17 200 189 50 17 222 165 167 180 223 251 38 252 10 220 43 243 225 213 244 144 153 239 85 184 1 83 236 118 194 135 23 138 175 88 224 177 73 206 158 23 134 145 186 191 185 40 95 192 39 75 
197 134 8 67 223 167 25 182 227 222 172 7 4 255 20 130 221 207 227 77 220 55 56 114 7 153 0 159 56 131 240 76 19 57 3 235 165 3 60 51 50 210 119 229 93 41 162 226 157 85 36 232 226 216 181 8 27 211 101 99 
139 163 189 13 160 98 237 33 244 112 51 243 178 69 141 150 226 165 97 133 26 140 137 202 50 110 228 174 83 68 199 190 42 248 124 24 149 160 217 123 42 236 70 255 134 165 83 228 227 70 240 161 100 29 51 202 0 175 154 136 
171 246 141 28 151 227 212 231 243 45 184 163 65 171 141 170 65 150 178 87 32 195 30 27 83 192 121 124 61 71 197 249 207 13 111 250 113 159 24 105 145 228 125 228 91 196 122 202 168 149 68 24 177 231 42 22 143 216 223 67 
99 234 160 178 164 146 152 84 227 216 59 221 202 219 87 165 205 27 95 218 88 71 2 221 211 89 176 36 187 0 86 181 71 46 150 80 149 148 74 247 46 120 196 34 68 163 125 82 184 12 214 233 225 105 165 63 158 171 119 133 
253 233 200 220 208 254 242 144 131 155 154 108 44 234 13 90 172 77 171 144 234 17 79 57 130 65 26 90 139 48 82 208 68 235 12 27 162 239 246 228 25 89 109 121 163 102 220 138 5 130 67 167 41 77 159 137 33 45 141 227 
111 107 120 32 98 190 227 15 49 57 240 2 83 248 194 68 110 230 24 236 104 249 248 167 108 26 64 230 99 23 112 1 31 218 247 3 147 54 193 159 52 60 57 160 137 132 165 219 10 190 6 106 196 237 50 173 0 29 129 103 
92 108 15 98 246 232 83 186 231 183 88 83 32 189 169 31 118 212 94 103 34 227 248 219 191 129 217 236 57 31 204 48 48 237 196 91 139 41 178 95 41 24 197 188 35 179 22 84 175 113 35 145 6 121 6 225 103 241 225 244 
61 235 90 91 34 37 74 66 138 14 127 126 24 164 79 49 203 83 234 92 191 78 74 105 126 119 140 198 91 52 248 109 104 40 231 171 250 6 85 159 191 217 89 44 144 232 172 194 105 242 114 106 135 9 170 135 177 59 132 244 
153 12 174 103 136 201 252 203 187 151 115 140 194 89 146 46 199 120 30 132 164 228 187 5 153 48 6 128 140 21 137 219 227 88 226 58 13 174 1 219 18 60 84 17 166 143 6 139 109 51 144 35 4 92 116 248 255 221 21 151 
184 145 115 91 209 109 81 77 83 187 188 134 48 187 76 34 117 33 110 161 144 105 183 251 137 87 193 186 198 254 224 179 115 90 104 250 205 244 54 103 186 0 173 248 190 170 17 15 61 187 215 198 60 104 24 128 224 178 16 42 
238 178 15 10 59 137 250 118 232 50 40 105 181 130 214 12 123 155 205 130 150 145 202 71 184 184 70 148 141 176 183 62 182 168 97 211 47 14 221 188 183 169 24 126 55 169 11 85 153 133 47 112 247 180 111 158 23 13 178 175 
178 6 0 60 154 160 36 41 71 225 173 250 231 192 78 222 130 83 28 66 125 89 13 66 3 67 20 226 61 132 187 179 226 228 150 187 229 226 225 12 253 252 106 234 149 101 61 136 51 142 86 191 96 163 67 247 147 190 200 240 
205 216 35 1 39 25 116 155 60 253 85 235 86 235 255 191 143 139 150 18 60 6 15 162 13 179 18 157 185 194 18 51 98 133 55 231 171 133 20 180 38 68 240 181 78 38 116 28 203 232 101 87 45 230 142 109 195 72 90 216 
211 82 235 55 37 226 185 189 18 230 123 123 82 131 148 116 244 108 83 102 47 186 187 171 141 191 31 61 136 23 184 117 32 236 71 175 245 2 164 9 10 190 220 46 142 227 167 153 227 62 173 24 234 104 249 113 117 134 102 92 
43 14 40 244 163 242 133 34 62 240 30 224 133 229 160 94 65 51 166 13 176 182 229 66 27 140 204 153 111 172 198 147 172 47 102 0 187 112 250 106 158 169 230 81 30 44 68 67 196 192 245 111 214 220 67 228 141 210 35 37 
116 55 128 245 54 71 242 244 246 244 100 114 77 235 209 125 252 37 238 39 21 178 156 178 147 121 255 28 154 75 216 126 197 129 229 35 163 20 200 122 37 65 75 63 82 46 154 190 40 9 131 14 84 57 27 6 164 165 155 95 
