50 60
72 18 121 30 135 9 45 185 88 18 107 202 76 11 16 216 35 136 193 8 96 104 180 70 53 74 212 177 88 252 123 1 104 244 148 129 42 73 228 100 117 2 204 78 240 75 17 248 117 111 110 66 216 38 64 155 156 79 211 227 
65 27 129 162 7 231 199 52 140 190 88 114 170 163 176 181 144 29 115 45 224 78 80 103 201 76 141 134 43 97 133 123 76 183 89 83 140 145 30 207 24 195 1 19 198 195 124 119 105 60 125 78 104 94 76 164 254 221 13 47 
222 24 72 17 4 25 27 0 91 78 102 195 89 3 12 154 105 6 59 98 200 39 195 103 136 83 44 223 114 131 212 169 80 14 232 80 240 227 193 209 238 37 242 163 236 247 110 251 140 68 41 194 123 161 61 1 137 251 6 87 
122 253 127 118 213 33 102 162 104 86 65 76 99 170 233 228 172 41 203 207 164 92 92 7 17 200 12 124 12 91 245 255 92 84 72 197 73 134 210 217 184 153 113 44 61 94 229 86 206 54 143 152 175 196 3 193 226 247 149 96 
144 138 212 205 31 81 86 94 226 184 208 75 203 237 142 44 150 238 78 109 60 150 130 252 94 178 140 54 250 117 234 212 66 92 35 5 227 186 109 93 87 29 49 177 241 153 184 47 101 111 185 3 163 249 112 237 59 1 28 216 
226 37 30 48 23 99 206 253 26 223 14 148 205 18 32 128 183 6 25 54 102 86 159 51 61 36 17 15 28 172 167 51 9 172 225 102 103 150 149 6 141 32 1 73 15 240 184 217 211 15 198 165 231 42 121 199 80 98 132 209 
12 164 158 227 38 145 11 111 43 33 169 64 188 105 35 185 83 214 239 57 71 221 109 24 203 134 85 31 105 131 205 77 169 8 10 157 252 103 52 130 83 154 159 48 201 188 244 188 241 223 200 224 31 35 227 18 40 96 235 74 
53 196 112 32 102 251 6 102 37 188 99 238 74 136 55 83 189 153 232 90 195 111 194 204 61 197 208 107 100 113 235 234 223 11 46 241 240 75 172 16 217 236 193 144 129 126 47 228 64 237 73 58 123 8 45 51 6 233 28 120 
79 86 202 91 29 236 160 120 243 80 83 53 155 51 191 83 230 226 175 80 174 178 41 200 21 154 169 92 162 230 1 228 135 4 65 156 43 142 15 140 10 7 247 162 58 160 224 245 12 242 108 236 219 85 65 81 130 211 211 22 
31 236 144 111 101 134 222 0 81 173 205 26 110 1 155 42 73 51 131 48 144 151 182 182 38 1 171 87 160 88 244 201 97 202 74 250 206 46 174 87 87 228 7 208 26 4 69 252 59 214 169 79 42 248 234 161 134 245 182 140 
156 218 187 186 215 213 211 183 239 128 86 153 4 225 43 169 128 5 17 230 23 204 77 235 81 60 155 61 167 64 65 76 144 81 242 9 109 32 91 143 190 49 80 25 253 210 163 159 130 14 252 139 109 89 120 125 124 208 211 115 
229 24 226 36 55 222 242 27 109 250 161 184 2 117 65 6 21 172 107 202 133 233 56 232 36 240 97 245 85 110 236 7 147 191 113 166 1 27 146 27 166 64 211 208 142 26 113 160 139 52 37 61 2 42 56 73 186 21 172 75 
9 178 84 121 71 28 185 46 202 102 54 110 240 78 102 89 110 72 163 14 237 126 23 6 100 17 151 255 74 18 195 34 10 143 159 210 195 6 206 114 203 177 73 2 1 36 182 50 186 195 37 236 18 220 132 104 34 77 23 70 
70 75 133 199 155 223 100 251 63 193 230 33 119 87 42 210 7 95 223 171 37 127 132 170 178 253 78 147 27 49 217 46 121 141 251 131 202 218 193 59 242 8 245 204 153 146 108 156 216 230 3 155 114 230 254 37 209 92 148 12 
38 145 125 222 88 113 186 168 66 22 235 93 142 210 153 91 214 44 238 61 106 166 176 208 232 53 93 13 215 95 147 128 198 207 216 91 10 226 157 63 181 83 9 198 47 54 51 55 188 9 110 77 69 202 172 28 49 46 3 0 
4 96 60 211 213 107 140 174 225 237 153 189 13 206 244 140 64 50 89 236 212 49 131 206 21 191 138 24 74 50 7 131 180 55 142 128 175 14 49 250 1 74 68 97 152 175 255 123 5 167 227 252 231 5 69 232 192 72 42 160 
42 209 252 159 253 217 73 39 162 24 13 237 43 60 177 88 106 59 126 217 57 209 192 61 159 189 31 124 108 169 181 208 69 12 182 244 37 231 86 144 116 74 7 197 48 116 253 34 227 33 152 58 13 140 161 196 126 68 59 205 
170 136 129 46 234 146 25 7 29 51 196 233 133 188 172 105 73 187 122 28 225 218 112 66 142 179 242 230 84 193 71 33 114 151 214 8 38 30 12 220 134 192 65 89 13 68 254 38 131 3 233 4 183 251 123 6 134 89 148 162 
38 38 66 246 49 83 105 231 217 230 193 95 219 15 62 211 185 184 168 13 171 121 134 117 100 235 78 49 166 182 110 149 223 238 248 156 147 6 6 144 216 2 34 84 153 141 119 63 59 230 205 248 116 61 238 37 63 1 240 116 
126 28 23 134 119 206 0 39 190 48 119 110 155 213 116 199 49 164 57 40 137 44 238 23 188 112 143 205 251 87 219 25 122 253 181 98 13 70 90 191 217 54 199 137 114 220 133 188 26 89 47 100 144 194 88 195 49 83 104 231 
17 76 54 180 200 110 58 106 165 165 8 226 128 236 242 97 125 121 139 87 207 57 3 187 92 149 217 224 58 89 180 71 99 176 6 49 11 198 59 32 228 148 82 155 225 151 87 19 159 21 20 58 4 207 214 45 110 59 20 62 
69 90 68 217 86 236 82 180 51 199 42 122 39 253 65 252 19 54 19 33 184 175 132 96 25 205 9 15 222 42 152 43 131 153 27 161 231 36 146 130 199 147 132 131 40 177 241 111 211 167 234 244 181 193 29 134 171 107 231 30 
191 110 20 56 177 117 178 190 64 88 19 87 121 89 254 197 74 172 198 203 167 20 138 108 5 174 71 223 200 139 129 176 233 39 162 25 3 5 95 151 119 220 179 185 147 180 170 59 235 20 251 119 114 98 48 105 50 190 29 99 
218 12 25 216 187 249 176 182 105 225 47 18 108 87 225 142 59 251 233 60 11 163 247 92 247 113 243 55 225 73 20 248 132 114 65 32 85 148 6 66 97 76 82 120 26 46 96 127 211 220 144 48 219 23 31 228 168 96 209 150 
59 151 107 161 155 114 197 36 30 251 83 1 49 92 249 56 244 13 178 251 152 163 65 137 131 114 153 47 11 50 224 186 56 0 200 173 5 198 253 87 253 46 237 247 8 5 67 194 3 226 86 140 61 93 90 47 185 187 39 187 
185 92 123 32 143 2 75 9 58 153 248 94 5 229 158 251 27 65 160 33 140 191 45 248 191 237 174 128 228 142 81 120 124 155 219 25 44 53 162 90 94 250 198 64 236 139 58 99 181 90 37 182 92 166 253 238 4 210 81 70 
50 173 217 193 46 152 162 168 16 137 154 145 153 13 200 14 253 128 35 139 235 138 162 11 40 228 172 204 95 91 128 140 148 170 120 100 126 122 90 200 126 191 99 13 250 205 82 35 84 61 197 90 35 65 25 103 35 119 250 10 
166 137 191 18 135 22 181 253 2 166 47 143 151 149 219 80 137 35 40 10 241 249 154 202 201 229 170 14 163 18 236 193 28 77 152 44 220 86 69 240 11 21 59 26 141 8 152 170 53 27 37 100 114 81 253 115 13 199 169 82 
170 14 183 112 64 223 249 63 233 112 236 180 159 92 250 245 68 71 236 84 57 9 23 81 244 54 187 105 232 27 19 250 50 193 229 146 154 63 143 135 216 74 43 157 189 13 165 143 39 80 70 233 216 222 17 172 53 51 183 4 
201 30 235 36 59 201 97 4 157 140 202 108 131 221 76 24 183 120 92 99 108 40 166 159 221 206 202 253 177 249 166 60 175 122 145 95 189 161 143 213 78 222 87 10 57 57 122 24 35 247 64 8 208 117 101 159 173 35 132 219 
129 15 137 158 133 91 96 99 84 112 129 29 47 42 73 122 25 81 237 144 185 40 61 120 210 98 31 88 52 197 31 27 115 241 83 134 104 39 232 71 18 13 197 106 120 39 39 214 16 33 230 195 184 111 178 0 65 96 160 9 
94 196 205 32 46 169 223 153 222 118 1 182 76 51 112 86 37 31 33 18 202 100 173 233 27 108 126 62 243 184 86 96 163 155 125 2 30 172 100 242 223 0 207 132 64 159 219 28 183 118 55 49 7 244 89 92 60 59 220 173 
205 5 100 195 208 83 31 237 91 26 104 107 48 180 31 52 154 158 41 21 187 46 83 94 59 62 192 118 98 110 7 134 175 183 85 60 128 178 235 173 164 149 219 84 102 156 252 171 76 255 205 228 248 41 95 184 80 84 152 64 
135 192 55 232 156 84 69 18 192 73 32 177 47 145 190 60 219 206 148 55 242 7 189 10 65 136 103 126 102 191 111 143 250 34 137 100 49 165 83 207 254 227 20 214 235 98 189 76 97 225 245 183 18 224 23 106 253 13 22 30 
189 128 27 209 99 134 95 238 48 205 159 76 216 80 28 66 66 88 45 60 141 52 42 51 1 196 105 90 40 95 73 231 131 182 12 89 92 126 243 77 135 238 218 120 249 211 182 36 211 131 17 51 145 161 132 81 152 169 28 81 
55 146 213 209 37 174 178 122 185 195 69 234 109 246 197 42 38 140 99 186 147 119 220 28 195 63 50 95 55 61 10 57 48 186 29 135 196 224 254 12 192 109 117 62 106 164 249 247 29 223 125 136 240 26 97 26 131 84 173 205 
169 25 206 118 115 75 101 206 218 11 46 176 172 3 135 180 204 161 225 77 189 248 191 231 225 13 109 114 132 108 5 189 255 216 22 131 28 130 18 168 196 236 193 167 42 245 64 132 189 153 254 207 24 205 44 18 52 39 226 179 
49 59 46 172 165 14 69 145 65 105 222 211 176 119 143 100 4 54 23 24 242 203 96 43 9 122 227 150 143 154 76 126 45 9 154 186 157 76 15 182 253 219 113 81 117 156 219 195 93 192 52 146 41 172 202 41 140 127 74 38 
188 193 40 34 115 121 19 182 233 126 128 32 64 180 242 243 58 139 146 225 47 210 150 141 45 79 44 236 31 190 164 45 76 139 160 21 109 238 55 27 153 224 169 222 58 240 203 157 212 26 202 132 55 76 204 166 120 167 191 175 
142 26 50 172 94 238 90 209 35 149 234 250 255 210 236 88 181 241 164 233 103 180 176 52 120 201 2 179 32 131 30 217 234 122 159 10 32 231 151 97 130 107 208 236 61 43 227 253 155 231 114 144 158 214 60 146 42 54 18 84 
195 33 230 84 33 116 80 36 111 198 188 96 237 54 207 104 94 82 202 172 101 213 45 190 241 153 228 32 214 0 156 190 204 132 197 154 184 218 98 210 143 16 68 77 36 246 5 100 82 249 22 142 255 69 248 205 99 234 71 122 
28 235 183 192 94 101 142 123 122 29 157 132 225 15 70 164 17 22 198 52 82 103 60 114 28 141 77 192 17 244 115 119 36 189 223 62 25 97 203 46 171 72 154 77 255 8 105 118 88 202 69 66 33 36 31 11 0 163 157 3 
50 73 90 182 188 251 248 33 198 249 71 7 28 139 42 66 41 102 97 85 82 108 194 201 1 2 96 205 54 248 94 148 189 208 108 252 112 34 48 220 87 174 180 215 251 240 63 19 1 183 149 164 217 225 124 158 234 171 92 167 
211 221 156 35 82 25 150 82 69 61 230 141 105 43 113 102 13 138 23 11 134 174 28 123 123 165 178 44 168 121 227 150 95 11 109 154 134 99 154 6 52 176 107 236 63 119 36 33 57 3 8 19 201 225 90 186 244 83 226 240 
226 13 61 210 138 162 103 22 253 222 151 60 157 43 161 157 215 203 190 74 201 63 252 86 43 82 101 77 125 221 137 173 231 152 33 246 79 203 254 127 233 61 239 237 93 215 62 55 219 148 24 204 86 98 212 53 241 212 37 250 
157 145 200 164 105 167 163 40 41 105 121 193 204 169 20 185 178 115 249 5 173 229 50 239 28 52 120 35 161 43 18 170 84 186 91 22 214 73 63 57 229 157 234 109 103 133 68 128 85 26 245 32 43 107 212 195 46 160 130 11 
238 59 123 104 222 10 153 37 175 10 223 202 247 84 182 130 29 105 119 162 84 19 108 67 249 254 152 149 22 15 82 79 24 72 237 85 182 75 247 61 90 188 41 73 137 19 98 22 14 37 232 185 24 52 91 223 4 213 235 133 
136 88 97 167 204 91 37 99 129 126 207 123 44 121 59 65 97 9 211 137 163 5 145 98 139 101 101 193 250 147 247 14 78 244 246 203 188 96 198 187 42 200 124 71 122 60 234 252 155 239 48 246 125 76 54 233 182 76 171 82 
235 55 33 138 18 239 53 77 221 207 240 126 104 114 249 118 169 184 111 186 87 174 109 142 142 147 78 206 111 15 74 181 42 13 207 124 238 163 3 191 56 80 235 1 46 111 66 221 250 101 95 84 215 17 150 118 189 204 16 191 
99 139 213 59 64 170 101 135 243 128 76 184 250 32 29 132 223 224 122 204 182 184 67 240 23 10 195 246 251 182 15 215 45 6 240 184 243 193 196 160 159 241 157 250 35 91 160 242 157 12 171 180 128 208 204 202 211 254 65 64 
