50 60
28 245 252 189 32 108 171 233 145 202 124 0 198 66 231 50 82 46 50 201 89 37 74 40 58 54 149 5 81 208 131 177 111 109 154 42 22 224 193 68 101 253 249 242 22 14 188 210 145 17 28 191 94 31 118 233 235 247 201 140 
35 78 176 85 189 77 183 168 156 70 216 246 131 162 134 206 167 36 53 157 11 138 203 159 76 69 217 20 161 19 91 72 39 96 113 20 6 135 253 251 242 193 75 190 228 56 138 83 181 11 134 34 43 224 18 128 109 24 227 192 
252 106 212 147 182 153 137 101 42 71 128 193 151 32 136 102 36 176 207 66 176 194 169 125 141 252 223 207 229 204 171 203 237 76 152 66 33 28 196 118 170 103 157 120 108 58 190 35 57 125 219 74 215 9 70 245 60 190 90 72 
74 56 134 33 202 31 202 3 168 224 157 94 139 74 47 171 254 210 192 162 46 161 67 23 193 244 176 252 255 118 75 214 243 199 31 215 164 147 6 242 61 1 110 168 2 118 56 137 40 51 80 22 147 65 78 76 75 177 108 177 
212 166 48 42 77 213 73 36 26 107 53 212 233 246 86 218 120 184 36 50 198 210 27 166 238 9 140 223 40 69 92 91 75 103 136 157 69 128 128 39 42 255 156 76 85 221 143 98 235 14 215 173 190 184 221 253 225 80 212 243 
153 115 188 118 52 141 167 125 84 168 5 6 208 90 102 136 239 46 136 150 57 165 246 118 114 182 172 105 26 38 212 171 237 130 162 22 83 247 66 205 163 174 241 132 50 37 207 241 18 181 40 234 189 160 60 182 216 201 234 218 
178 182 64 255 96 249 193 247 192 106 175 197 17 167 224 32 34 97 42 179 192 223 54 62 100 125 95 15 193 217 0 115 222 221 116 251 30 38 67 6 92 225 176 231 214 204 9 1 64 53 45 253 119 85 33 231 202 247 157 199 
54 175 237 96 80 174 214 138 112 219 167 23 199 223 246 87 105 49 229 15 13 44 222 232 106 104 175 19 126 164 76 142 58 174 194 197 168 251 2 158 219 3 5 29 49 178 238 102 183 115 199 67 70 160 113 114 188 0 115 243 
171 211 13 180 56 203 104 67 10 5 14 240 54 11 32 233 222 40 80 20 157 144 9 60 202 207 127 49 173 159 174 31 187 45 62 197 175 229 195 234 134 208 25 236 25 168 109 3 69 102 183 88 63 240 2 34 150 81 254 81 
96 17 249 2 251 215 66 212 77 54 204 22 230 79 79 123 149 245 246 33 253 101 173 62 225 14 142 183 40 7 135 32 111 151 0 216 35 109 63 117 160 66 152 74 242 16 95 65 83 24 178 167 128 206 94 211 24 28 80 6 
162 207 95 178 107 54 115 99 226 101 187 167 209 225 168 126 45 167 167 172 145 108 94 114 237 93 83 78 6 236 187 168 97 52 99 107 42 151 143 199 218 23 44 190 104 111 100 62 61 46 142 131 230 26 255 3 32 230 41 253 
66 224 161 109 203 190 245 165 150 158 107 224 51 33 80 54 190 224 114 72 97 45 72 156 134 169 37 41 61 146 193 220 20 145 8 47 58 179 242 175 82 80 123 42 172 147 120 133 104 176 144 141 249 192 200 208 56 142 75 158 
19 178 35 142 106 226 210 1 141 28 185 38 93 148 210 118 145 111 55 180 235 240 158 106 13 78 221 137 13 141 193 205 79 222 234 62 51 184 145 105 240 240 163 112 149 114 26 203 186 201 181 34 49 254 144 6 35 118 34 117 
114 122 36 191 243 243 154 54 169 241 19 164 2 163 44 222 179 217 199 242 19 163 206 166 30 186 186 147 159 184 240 42 15 31 229 42 49 25 71 179 39 164 187 229 151 145 230 221 229 218 112 33 164 52 42 96 42 138 173 47 
185 104 154 33 183 177 207 41 138 177 18 156 188 0 154 49 210 118 175 111 82 57 239 73 107 7 158 210 111 22 34 33 4 95 113 230 62 1 15 72 7 93 126 129 222 128 68 219 79 225 80 55 178 22 254 124 69 234 140 173 
22 135 7 89 16 201 174 246 63 80 201 6 192 254 55 234 208 75 233 134 197 31 195 201 150 68 52 43 249 250 32 84 228 71 195 41 162 151 234 229 79 64 86 144 203 218 144 79 58 133 225 66 224 241 109 57 41 17 250 55 
30 53 117 121 95 215 194 132 149 180 43 120 107 128 203 129 175 218 248 236 138 182 143 34 19 200 44 219 232 193 105 102 44 155 45 193 80 163 162 157 182 181 85 150 81 201 148 176 194 245 156 134 250 19 127 65 5 244 151 85 
14 231 46 109 41 238 5 246 175 242 95 115 254 237 87 65 95 146 242 220 117 201 157 195 183 148 3 255 183 112 19 211 106 221 153 12 157 7 143 94 45 175 72 27 66 216 116 220 83 198 214 22 253 51 183 244 26 61 200 83 
62 181 80 164 125 49 228 187 252 247 60 239 82 245 129 7 179 11 9 167 250 191 6 4 58 121 36 55 194 231 16 18 92 29 199 176 4 81 181 86 252 156 216 241 77 143 165 236 23 89 167 52 254 214 33 111 104 24 239 139 
154 204 228 237 4 27 30 203 123 84 184 6 74 18 41 154 207 250 97 169 68 249 111 106 18 36 165 167 76 56 219 148 80 175 118 92 162 180 163 155 138 54 52 235 116 55 94 30 136 24 183 63 181 200 119 143 105 204 21 185 
226 48 199 132 58 250 95 103 116 101 93 35 221 42 97 81 49 125 79 67 24 32 188 229 172 35 158 205 220 127 56 79 134 100 61 192 91 230 107 109 55 239 156 44 218 148 99 73 92 182 111 237 197 29 8 194 194 28 130 144 
176 44 45 157 76 119 30 170 40 75 130 123 159 142 2 52 31 77 112 29 39 0 33 119 230 31 48 163 87 23 18 160 164 109 132 24 163 35 247 162 91 71 44 244 105 49 29 64 186 129 161 230 143 115 247 86 243 50 53 12 
71 161 245 13 4 74 77 204 34 2 184 152 45 90 218 98 92 9 171 5 119 151 113 139 63 49 137 217 98 95 10 231 51 251 73 230 64 98 186 223 63 50 19 40 178 120 65 68 246 176 114 245 143 8 61 7 201 201 216 41 
13 252 134 147 116 48 109 51 109 165 201 165 90 201 128 114 151 66 155 6 73 130 24 29 98 150 128 28 166 24 53 63 63 200 157 70 52 112 93 223 220 236 134 61 16 170 181 110 12 27 148 199 190 186 64 40 147 218 24 216 
181 167 122 113 70 87 174 81 245 42 241 26 194 17 16 172 109 155 244 242 65 39 250 92 45 30 212 236 19 43 97 229 47 128 112 176 164 212 199 6 84 170 11 60 162 221 208 97 142 240 0 107 61 213 226 8 161 110 107 202 
54 149 84 158 47 95 62 201 133 228 121 252 8 59 130 74 31 54 203 27 112 187 171 116 169 145 80 146 0 239 55 49 50 11 119 7 82 85 216 126 176 178 242 85 80 154 140 225 159 186 201 209 148 32 235 5 8 155 143 44 
85 221 200 39 129 207 7 143 50 137 41 31 180 155 124 183 174 118 145 149 130 247 91 245 49 43 165 187 255 150 82 160 64 63 110 43 164 238 139 125 149 60 76 152 151 131 7 9 178 187 162 75 117 139 98 24 240 240 42 169 
207 101 20 173 233 106 69 124 254 69 245 186 246 54 73 57 24 209 36 198 113 163 64 129 184 68 228 50 243 209 17 241 243 180 220 51 231 233 91 205 209 213 184 27 92 206 72 199 158 215 7 67 30 253 61 44 249 132 197 140 
162 125 185 224 75 20 125 75 192 150 189 231 228 104 134 164 44 187 244 74 81 143 221 45 170 69 254 247 190 92 4 51 176 37 59 249 64 202 131 248 204 121 25 212 82 159 224 117 165 191 195 96 86 64 107 109 240 163 52 53 
161 5 146 141 170 46 37 82 138 9 212 189 208 75 144 173 215 130 18 178 148 29 98 161 249 170 111 113 26 238 76 169 86 129 164 93 65 228 155 198 175 175 92 24 35 93 37 150 248 120 183 57 12 27 59 46 166 193 158 62 
98 83 228 131 235 78 254 75 160 114 131 113 105 180 167 19 31 57 142 96 173 14 130 5 152 185 125 148 211 152 204 5 95 126 213 120 123 136 69 178 194 11 208 88 57 181 91 254 75 133 253 42 28 194 190 23 40 183 144 176 
113 92 176 194 13 50 252 20 232 37 178 234 229 72 125 166 64 67 8 146 100 150 98 71 67 174 13 214 86 115 209 50 201 225 55 8 94 130 28 52 194 240 65 145 137 246 65 251 247 88 24 88 30 182 48 69 103 177 210 81 
224 234 43 0 192 130 226 90 42 31 225 220 212 73 85 142 199 2 102 13 187 45 183 10 97 205 34 203 45 17 130 236 115 240 179 138 158 91 212 48 187 145 67 164 48 22 50 39 137 105 26 1 75 246 55 172 228 245 240 236 
50 100 99 175 236 77 36 202 67 54 84 215 133 47 30 18 81 239 64 67 163 95 10 163 1 46 161 175 218 255 160 138 124 248 182 182 81 76 132 169 53 116 8 221 207 33 185 149 97 216 86 12 38 223 103 167 144 134 80 253 
45 34 96 154 211 123 76 35 99 203 82 76 247 98 234 254 134 169 195 250 215 48 178 26 8 169 223 112 132 238 38 1 242 196 250 100 84 215 252 89 222 216 74 89 216 137 248 193 43 151 172 27 108 172 55 167 201 236 43 37 
163 51 69 205 2 239 56 206 90 121 73 27 222 146 117 255 172 105 84 208 107 57 206 8 180 242 207 120 170 126 165 12 107 209 221 43 33 168 185 239 202 25 174 172 58 209 118 148 99 49 110 251 139 254 202 1 138 9 53 69 
112 191 74 159 184 204 174 103 37 137 97 101 229 103 188 55 97 53 178 139 218 109 235 11 202 187 199 140 118 206 9 180 199 143 136 37 143 195 115 14 229 114 225 20 170 228 113 184 143 95 102 159 155 118 156 138 233 254 44 76 
100 227 54 203 192 252 139 178 198 84 60 118 177 55 182 7 240 70 42 235 76 56 223 81 129 105 92 150 44 136 243 45 203 155 128 216 18 187 200 177 138 177 13 87 95 154 35 87 70 125 252 81 245 246 242 170 64 219 198 20 
94 118 51 90 188 166 52 118 45 136 2 111 83 244 70 21 85 224 172 166 84 74 168 10 169 142 118 90 234 40 147 79 166 97 215 17 203 139 16 242 181 15 220 139 16 53 103 185 42 97 52 122 37 233 109 90 202 176 109 171 
39 198 194 175 106 58 26 228 202 241 74 155 120 205 53 164 149 93 32 199 35 10 59 243 116 90 57 211 199 27 37 109 123 14 184 213 8 72 255 31 37 206 220 52 135 239 23 30 249 75 96 134 182 101 138 57 110 151 30 122 
192 121 120 183 155 28 134 208 166 195 45 124 48 230 2 71 27 65 219 215 10 98 117 53 184 206 12 233 70 196 182 115 58 5 193 207 208 25 218 108 147 60 55 176 225 10 98 165 6 164 214 203 59 94 148 234 106 47 254 67 
206 126 13 76 209 65 0 14 84 214 107 39 227 162 244 132 119 222 243 86 60 145 196 184 121 128 250 98 81 240 117 18 134 4 91 68 243 61 17 6 215 224 88 146 254 170 27 77 53 56 10 48 38 117 208 107 128 137 11 10 
235 118 30 112 233 214 15 111 7 243 101 218 52 181 40 3 1 51 3 65 85 91 39 52 92 54 167 89 100 102 127 205 83 234 6 51 231 255 185 244 64 172 122 86 120 56 244 10 240 172 77 222 179 127 170 105 160 17 150 131 
161 220 249 175 123 165 51 217 184 48 200 224 179 234 220 109 138 224 178 120 70 214 62 127 102 226 233 207 23 245 111 164 136 188 14 82 193 127 250 86 63 185 139 199 169 208 218 187 78 138 139 207 167 159 222 207 88 176 122 109 
176 118 240 87 36 2 91 224 181 16 145 175 123 94 221 87 151 208 156 80 222 23 83 171 22 180 90 203 136 101 200 46 242 73 138 64 135 55 189 70 211 53 225 237 60 17 192 135 201 183 248 240 142 52 8 3 24 131 130 116 
19 210 233 13 196 240 29 127 183 88 0 170 191 172 180 119 223 171 21 177 175 194 62 77 67 117 224 88 17 138 153 20 200 31 19 101 191 145 30 125 109 160 197 202 125 142 129 13 22 12 240 178 60 81 165 37 63 17 216 159 
158 114 197 164 23 191 193 43 189 38 247 115 3 151 227 152 98 155 164 95 85 189 9 74 252 59 205 91 214 162 30 196 189 235 203 54 165 91 223 59 27 253 48 84 48 48 88 184 210 17 85 55 76 220 80 97 224 196 150 143 
81 35 150 90 59 190 58 176 36 214 143 9 241 73 85 102 247 171 136 160 110 213 178 55 155 17 117 150 33 179 158 240 83 41 97 180 207 31 3 139 94 167 36 131 74 38 103 31 129 39 203 84 160 91 66 119 203 114 15 58 
162 17 131 58 161 132 240 211 101 5 68 182 14 94 249 108 111 3 52 0 194 132 85 221 97 196 44 114 189 184 49 115 129 64 184 94 51 156 202 30 253 96 207 230 212 95 252 17 54 143 41 12 218 131 138 103 205 174 121 181 
103 174 172 76 49 197 3 197 240 147 4 163 249 233 63 57 20 93 246 116 242 10 98 112 54 242 143 251 253 175 230 23 41 133 102 230 53 75 111 31 51 161 104 7 255 71 232 188 209 170 44 124 241 15 12 227 214 2 182 230 
